47.0 46.0 45.0 44.0 43.0 42.0 41.0 40.0 39.0 38.0 37.0 36.0 35.0 34.0 33.0 32.0 31.0 30.0 29.0 28.0 27.0 26.0 25.0 24.0 23.0 22.0 21.0 20.0 19.0 18.0 17.0 16.0 15.0 14.0 13.0 12.0 11.0 10.0 9.0 8.0 7.0 6.0 5.0 4.0 3.0 2.0 1.0 0.0 0.0 0.0 
47.0 46.0 45.0 44.0 43.0 42.0 41.0 40.0 39.0 38.0 37.0 36.0 35.0 34.0 33.0 32.0 31.0 30.0 29.0 28.0 27.0 26.0 25.0 24.0 23.0 22.0 21.0 20.0 19.0 18.0 17.0 16.0 15.0 14.0 13.0 12.0 11.0 10.0 9.0 8.0 7.0 6.0 5.0 4.0 3.0 2.0 1.0 0.0 0.0 0.0 
47.0 46.0 45.0 44.0 43.0 42.0 41.0 40.0 39.0 38.0 37.0 36.0 35.0 34.0 33.0 32.0 31.0 30.0 29.0 28.0 27.0 26.0 25.0 24.0 23.0 22.0 21.0 20.0 19.0 18.0 17.0 16.0 15.0 14.0 13.0 12.0 11.0 10.0 9.0 8.0 7.0 6.0 5.0 4.0 3.0 2.0 1.0 0.0 0.0 0.0 
47.414 46.414 45.414 44.414 43.414 42.414 41.414 40.414 39.414 38.414 37.414 36.414 35.414 34.414 33.414 32.414 31.414 30.414 29.414 28.414 27.414 26.414 25.414 24.414 23.414 22.414 21.414 20.414 19.414 18.414 17.414 16.414 15.414 14.414 13.414 12.414 11.414 10.414 9.414 8.414 7.414 6.414 5.414 4.414 3.414 2.414 1.414 1.0 1.0 1.0 
47.828 46.828 45.828 44.828 43.828 42.828 41.828 40.828 39.828 38.828 37.828 36.828 35.828 34.828 33.828 32.828 31.828 30.828 29.828 28.828 27.828 26.828 25.828 24.828 23.828 22.828 21.828 20.828 19.828 18.828 17.828 16.828 15.828 14.828 13.828 12.828 11.828 10.828 9.828 8.828 7.828 6.828 5.828 4.828 3.828 2.828 2.414 2.0 2.0 2.0 
48.242 47.242 46.242 45.242 44.242 43.242 42.242 41.242 40.242 39.242 38.242 37.242 36.242 35.242 34.242 33.242 32.242 31.242 30.242 29.242 28.242 27.242 26.242 25.242 24.242 23.242 22.242 21.242 20.242 19.242 18.242 17.242 16.242 15.242 14.242 13.242 12.242 11.242 10.242 9.242 8.242 7.242 6.242 5.242 4.242 3.828 3.414 3.0 3.0 3.0 
48.656 47.656 46.656 45.656 44.656 43.656 42.656 41.656 40.656 39.656 38.656 37.656 36.656 35.656 34.656 33.656 32.656 31.656 30.656 29.656 28.656 27.656 26.656 25.656 24.656 23.656 22.656 21.656 20.656 19.656 18.656 17.656 16.656 15.656 14.656 13.656 12.656 11.656 10.656 9.656 8.656 7.656 6.656 5.656 5.242 4.828 4.414 4.0 4.0 4.0 
49.071 48.071 47.071 46.071 45.071 44.071 43.071 42.071 41.071 40.071 39.071 38.071 37.071 36.071 35.071 34.071 33.071 32.071 31.071 30.071 29.071 28.071 27.071 26.071 25.071 24.071 23.071 22.071 21.071 20.071 19.071 18.071 17.071 16.071 15.071 14.071 13.071 12.071 11.071 10.071 9.071 8.071 7.071 6.656 6.242 5.828 5.414 5.0 5.0 5.0 
49.485 48.485 47.485 46.485 45.485 44.485 43.485 42.485 41.485 40.485 39.485 38.485 37.485 36.485 35.485 34.485 33.485 32.485 31.485 30.485 29.485 28.485 27.485 26.485 25.485 24.485 23.485 22.485 21.485 20.485 19.485 18.485 17.485 16.485 15.485 14.485 13.485 12.485 11.485 10.485 9.485 8.485 8.071 7.656 7.242 6.828 6.414 6.0 6.0 6.0 
49.899 48.899 47.899 46.899 45.899 44.899 43.899 42.899 41.899 40.899 39.899 38.899 37.899 36.899 35.899 34.899 33.899 32.899 31.899 30.899 29.899 28.899 27.899 26.899 25.899 24.899 23.899 22.899 21.899 20.899 19.899 18.899 17.899 16.899 15.899 14.899 13.899 12.899 11.899 10.899 9.899 9.485 9.071 8.656 8.242 7.828 7.414 7.0 7.0 7.0 
50.313 49.313 48.313 47.313 46.313 45.313 44.313 43.313 42.313 41.313 40.313 39.313 38.313 37.313 36.313 35.313 34.313 33.313 32.313 31.313 30.313 29.313 28.313 27.313 26.313 25.313 24.313 23.313 22.313 21.313 20.313 19.313 18.313 17.313 16.313 15.313 14.313 13.313 12.313 11.313 10.899 10.485 10.071 9.656 9.242 8.828 8.414 8.0 8.0 8.0 
50.727 49.727 48.727 47.727 46.727 45.727 44.727 43.727 42.727 41.727 40.727 39.727 38.727 37.727 36.727 35.727 34.727 33.727 32.727 31.727 30.727 29.727 28.727 27.727 26.727 25.727 24.727 23.727 22.727 21.727 20.727 19.727 18.727 17.727 16.727 15.727 14.727 13.727 12.727 12.313 11.899 11.485 11.071 10.656 10.242 9.828 9.414 9.0 9.0 9.0 
51.142 50.142 49.142 48.142 47.142 46.142 45.142 44.142 43.142 42.142 41.142 40.142 39.142 38.142 37.142 36.142 35.142 34.142 33.142 32.142 31.142 30.142 29.142 28.142 27.142 26.142 25.142 24.142 23.142 22.142 21.142 20.142 19.142 18.142 17.142 16.142 15.142 14.142 13.727 13.313 12.899 12.485 12.071 11.656 11.242 10.828 10.414 10.0 10.0 10.0 
51.556 50.556 49.556 48.556 47.556 46.556 45.556 44.556 43.556 42.556 41.556 40.556 39.556 38.556 37.556 36.556 35.556 34.556 33.556 32.556 31.556 30.556 29.556 28.556 27.556 26.556 25.556 24.556 23.556 22.556 21.556 20.556 19.556 18.556 17.556 16.556 15.556 15.142 14.727 14.313 13.899 13.485 13.071 12.656 12.242 11.828 11.414 11.0 11.0 11.0 
51.97 50.97 49.97 48.97 47.97 46.97 45.97 44.97 43.97 42.97 41.97 40.97 39.97 38.97 37.97 36.97 35.97 34.97 33.97 32.97 31.97 30.97 29.97 28.97 27.97 26.97 25.97 24.97 23.97 22.97 21.97 20.97 19.97 18.97 17.97 16.97 16.556 16.142 15.727 15.313 14.899 14.485 14.071 13.656 13.242 12.828 12.414 12.0 12.0 12.0 
52.384 51.384 50.384 49.384 48.384 47.384 46.384 45.384 44.384 43.384 42.384 41.384 40.384 39.384 38.384 37.384 36.384 35.384 34.384 33.384 32.384 31.384 30.384 29.384 28.384 27.384 26.384 25.384 24.384 23.384 22.384 21.384 20.384 19.384 18.384 17.97 17.556 17.142 16.727 16.313 15.899 15.485 15.071 14.656 14.242 13.828 13.414 13.0 13.0 13.0 
52.798 51.798 50.798 49.798 48.798 47.798 46.798 45.798 44.798 43.798 42.798 41.798 40.798 39.798 38.798 37.798 36.798 35.798 34.798 33.798 32.798 31.798 30.798 29.798 28.798 27.798 26.798 25.798 24.798 23.798 22.798 21.798 20.798 19.798 19.384 18.97 18.556 18.142 17.727 17.313 16.899 16.485 16.071 15.656 15.242 14.828 14.414 14.0 14.0 14.0 
53.213 52.213 51.213 50.213 49.213 48.213 47.213 46.213 45.213 44.213 43.213 42.213 41.213 40.213 39.213 38.213 37.213 36.213 35.213 34.213 33.213 32.213 31.213 30.213 29.213 28.213 27.213 26.213 25.213 24.213 23.213 22.213 21.213 20.798 20.384 19.97 19.556 19.142 18.727 18.313 17.899 17.485 17.071 16.656 16.242 15.828 15.414 15.0 15.0 15.0 
