id,tick,speed(float),speed(discrete),Tot v
vehG-0,134,2.5325571428580145,2,1
vehG-1,155,1.0479428571440184,1,2
vehG-2,173,2.768442857144019,2,3
vehG-3,186,3.0380285714300155,3,4
vehG-4,200,3.7048000000000147,3,5
vehG-5,215,3.85627142857202,3,6
vehG-6,231,3.740100000000022,3,7
vehG-7,247,3.682700000000019,3,8
vehG-8,257,5.15612857143002,5,9
vehG-9,269,4.573185714286021,4,10
vehG-10,282,4.103471428572019,4,11
vehG-11,295,4.274100000000017,4,12
vehG-0,312,4.005128571430035,4,13
vehG-1,325,4.740342857144038,4,14
