id,tick,speed(float),speed(discrete),Tot v
vehG-0,63,4.855400000000007,4,1
vehG-1,75,5.198700000000008,5,2
vehG-2,157,5.121300000002009,5,3
vehG-0,174,5.185657142858016,5,4
vehG-1,185,5.147357142858018,5,5
vehG-2,223,5.178557142860016,5,6
vehG-0,235,5.104657142858025,5,7
vehG-1,319,5.156100000002004,5,8
vehG-2,329,5.162014285718022,5,9
vehG-0,342,5.22110000000203,5,10
vehG-1,396,5.153100000004011,5,11
vehG-2,425,5.003057142862031,5,12
vehG-0,438,5.056442857146036,5,13
vehG-1,457,5.037300000004018,5,14
vehG-2,486,5.165057142862039,5,15
vehG-0,500,5.067842857146044,5,16
vehG-1,567,5.089757142858002,5,17
vehG-2,582,4.712700000000003,4,18
vehG-0,597,4.7573000000040535,4,19
vehG-1,627,5.054957142858009,5,20
vehG-2,642,5.117700000000012,5,21
vehG-0,656,5.081300000004059,5,22
vehG-1,688,4.97395714285802,4,23
vehG-2,705,4.920900000000023,4,24
vehG-0,756,5.077057142862069,5,25
vehG-1,766,5.101157142858031,5,26
vehG-2,778,4.8975000000000355,4,27
vehG-0,814,5.158057142862075,5,28
vehG-1,830,5.182157142858043,5,29
vehG-2,840,5.059500000000045,5,30
vehG-0,925,5.207785714286005,5,31
vehG-1,937,5.079900000002048,5,32
vehG-2,951,5.012442857144053,5,33
vehG-0,985,5.1267857142860125,5,34
vehG-1,1068,5.198700000000004,5,35
vehG-2,1084,5.009271428574062,5,36
vehG-0,1100,4.762842857144021,4,37
vehG-1,1127,4.7127000000000105,4,38
vehG-2,1149,5.113157142860074,5,39
vehG-0,1171,5.131500000004032,5,40
vehG-1,1190,4.712700000000023,4,41
vehG-2,1234,4.783328571434084,4,42
vehG-0,1260,4.2849428571480415,4,43
vehG-1,1273,5.158757142858029,5,44
vehG-2,1294,5.0263285714340915,5,45
vehG-0,1319,5.013942857148048,5,46
vehG-1,1332,5.077757142858035,5,47
vehG-2,1359,5.0624142857221,5,48
vehG-0,1427,5.001557142858003,5,49
vehG-1,1444,5.144100000002042,5,50
vehG-2,1459,5.087271428580107,5,51
vehG-0,1544,4.726500000000003,4,52
vehG-1,1555,4.641557142860049,4,53
vehG-2,1570,5.031214285724113,5,54
vehG-0,1603,5.13150000000001,5,55
vehG-1,1616,5.173757142860057,5,56
vehG-2,1634,5.113928571440122,5,57
vehG-0,1678,5.2237285714300175,5,58
vehG-1,1727,4.916185714286004,4,59
vehG-2,1750,5.040900000014131,5,60
vehG-0,1762,4.994185714288024,4,61
vehG-1,1836,4.741371428572005,4,62
vehG-2,1847,4.765157142872139,4,63
vehG-0,1863,5.20161428571803,5,64
vehG-1,1897,5.030571428572015,5,65
vehG-2,1918,5.106728571446152,5,66
vehG-0,1931,5.159357142864035,5,67
vehG-1,1958,5.192571428572027,5,68
vehG-2,1991,5.073642857162158,5,69
vehG-0,2004,4.406957142864042,4,70
vehG-1,2017,5.192571428572034,5,71
vehG-2,2052,4.992642857162165,4,72
vehG-0,2067,4.730957142864052,4,73
vehG-1,2078,5.111571428572043,5,74
vehG-2,2154,5.198357142858002,5,75
vehG-0,2167,5.214214285722059,5,76
vehG-1,2184,4.678114285716052,4,77
vehG-2,2287,5.201314285716003,5,78
vehG-0,2304,5.061857142866066,5,79
vehG-1,2320,4.367142857146059,4,80
vehG-2,2347,5.120314285716009,5,81
vehG-0,2404,4.808657142868076,4,82
vehG-1,2424,5.2254000000040675,5,83
vehG-2,2437,5.050457142860014,5,84
vehG-0,2462,5.05165714286808,5,85
vehG-1,2483,5.0634000000040755,5,86
vehG-2,2496,5.061857142860021,5,87
vehG-0,2525,4.935514285726091,4,88
vehG-1,2560,5.002285714292085,5,89
vehG-2,2608,4.52275714286203,4,90
vehG-0,2630,4.8902571428720965,4,91
vehG-1,2643,4.492885714292093,4,92
vehG-2,2677,4.625871428578044,4,93
vehG-0,2691,5.098457142872107,5,94
vehG-1,2718,5.010085714294103,5,95
vehG-2,2804,5.177785714286005,5,96
vehG-0,2816,5.095714285730113,5,97
vehG-1,2828,5.046428571438108,5,98
vehG-2,2913,4.511657142860012,4,99
vehG-0,2928,5.00361428573212,5,100
vehG-1,2942,5.071371428582116,5,101
vehG-2,2975,5.217342857146019,5,102
vehG-0,2987,5.0036142857321275,5,103
vehG-1,3005,4.342371428582127,4,104
vehG-2,3034,5.0553428571460275,5,105
vehG-0,3098,4.580700000000003,4,106
vehG-1,3110,5.068628571440134,5,107
vehG-2,3122,5.088385714290031,5,108
vehG-0,3165,5.146328571430014,5,109
vehG-1,3223,4.389428571442144,4,110
vehG-2,3234,4.988528571434038,4,111
vehG-0,3251,5.215071428574021,5,112
vehG-1,3282,5.037428571442151,5,113
vehG-2,3294,5.069528571434047,5,114
vehG-0,3316,4.7630142857180315,4,115
vehG-1,3342,5.03742857144216,5,116
vehG-2,3391,5.2125857142860035,5,117
vehG-0,3405,5.088642857148039,5,118
vehG-1,3418,5.222228571442166,5,119
vehG-2,3451,5.015785714286013,5,120
vehG-0,3465,5.0076428571480465,5,121
vehG-1,3482,5.161628571444173,5,122
vehG-2,3550,4.711928571430022,4,123
vehG-0,3566,4.812557142864052,4,124
vehG-1,3579,5.0754857143021805,5,125
vehG-2,3619,5.16218571429003,5,126
vehG-0,3634,5.107928571438059,5,127
vehG-1,3697,4.765757142858004,4,128
vehG-2,3711,4.863042857148034,4,129
vehG-0,3725,5.081957142868067,5,130
vehG-1,3755,5.170757142858009,5,131
vehG-2,3769,4.78204285714804,4,132
vehG-0,3786,5.162957142868075,5,133
vehG-1,3840,5.095842857146021,5,134
vehG-2,3861,5.2281857142920485,5,135
vehG-0,3877,5.048871428584081,5,136
vehG-1,3907,4.343442857146035,4,137
vehG-2,3921,5.066185714292055,5,138
vehG-0,3936,4.562871428584086,4,139
vehG-1,4001,4.688657142862043,4,140
vehG-2,4013,5.144442857150062,5,141
vehG-0,4026,5.197714285728094,5,142
vehG-1,4067,5.224542857150051,5,143
vehG-2,4143,5.009657142858004,5,144
vehG-0,4155,5.111657142872099,5,145
vehG-1,4178,4.970828571438058,4,146
vehG-2,4204,5.009657142858013,5,147
vehG-0,4216,4.22065714287211,4,148
vehG-1,4270,5.082300000012064,5,149
vehG-2,4282,5.138914285716021,5,150
vehG-0,4294,5.0420571428721175,5,151
vehG-1,4330,5.082300000012073,5,152
vehG-2,4350,5.14748571429003,5,153
vehG-0,4388,5.217085714304126,5,154
vehG-1,4399,5.081871428584085,5,155
vehG-2,4412,5.228485714290042,5,156
vehG-0,4449,5.055085714304134,5,157
vehG-1,4459,5.1628714285840935,5,158
vehG-2,4471,5.14748571429005,5,159
vehG-0,4548,5.017628571448141,5,160
vehG-1,4560,5.238728571442102,5,161
vehG-2,4573,4.743942857148058,4,162
vehG-0,4611,4.543028571448152,4,163
vehG-1,4671,4.454400000016112,4,164
vehG-2,4683,5.0628000000060664,5,165
vehG-0,4697,5.139685714306161,5,166
vehG-1,4730,5.102400000016119,5,167
vehG-2,4745,5.143800000006077,5,168
vehG-0,4758,5.05868571430617,5,169
vehG-1,4850,5.1125571428580034,5,170
vehG-2,4863,5.078657142864083,5,171
vehG-0,4879,5.22694285716418,5,172
vehG-1,4936,5.155328571432012,5,173
vehG-2,5039,5.210185714286005,5,174
vehG-0,5085,5.058685714286003,5,175
vehG-1,5097,5.1421714285760185,5,176
vehG-2,5110,5.163557142858016,5,177
vehG-0,5145,5.05868571428601,5,178
vehG-1,5169,5.02722857143603,5,179
vehG-0,5248,5.10462857143002,5,180
vehG-2,5260,4.718400000000004,4,181
vehG-1,5272,4.52237142858004,4,182
vehG-0,5349,5.01475714286003,5,183
vehG-2,5361,5.029157142858014,5,184
vehG-1,5376,4.631614285724049,4,185
vehG-0,5476,5.174357142860004,5,186
vehG-2,5489,5.081700000002021,5,187
vehG-1,5501,5.092971428582058,5,188
vehG-0,5537,5.0933571428600155,5,189
vehG-2,5575,4.40434285714603,4,190
vehG-1,5626,4.814828571440066,4,191
vehG-0,5637,5.015400000004022,5,192
vehG-2,5649,5.109942857146038,5,193
vehG-1,5686,4.571828571440073,4,194
vehG-0,5699,4.367400000004031,4,195
vehG-2,5710,5.028942857146047,5,196
vehG-1,5766,5.015571428584081,5,197
vehG-0,5780,5.237057142862041,5,198
vehG-2,5793,4.829485714290055,4,199
vehG-1,5825,5.015571428584088,5,200
vehG-0,5839,5.156057142862049,5,201
vehG-2,5856,4.123285714290062,4,202
vehG-1,5966,5.019257142858002,5,203
vehG-0,5979,4.581514285720056,4,204
vehG-2,5995,5.013385714286002,5,205
vehG-1,6057,4.856571428574008,4,206
vehG-0,6070,5.084357142864061,5,207
vehG-2,6092,5.223042857146012,5,208
vehG-1,6114,5.180571428574011,5,209
vehG-0,6127,4.7603571428640645,4,210
vehG-2,6154,4.216242857146023,4,211
vehG-1,6176,5.180571428574024,5,212
vehG-0,6226,4.525114285722071,4,213
vehG-2,6238,4.596728571434034,4,214
vehG-1,6250,5.1451714285740335,5,215
vehG-0,6287,5.17311428572208,5,216
vehG-2,6303,5.070728571434042,5,217
vehG-1,6385,5.117700000000003,5,218
vehG-0,6401,5.075228571438086,5,219
vehG-2,6421,5.009528571436052,5,220
vehG-1,6445,4.677900000000008,4,221
vehG-0,6460,5.237228571438092,5,222
vehG-2,6482,5.171528571436063,5,223
vehG-1,6506,5.175300000000018,5,224
vehG-0,6538,4.819800000012103,4,225
vehG-2,6555,4.772957142866068,4,226
vehG-1,6567,4.851300000000027,4,227
vehG-0,6598,5.14380000001211,5,228
vehG-2,6641,5.081314285726078,5,229
vehG-1,6685,5.080500000000005,5,230
vehG-0,6740,4.860385714286005,4,231
vehG-2,6753,4.4443714285840885,4,232
vehG-1,6831,5.091728571430005,5,233
vehG-0,6845,5.174614285716014,5,234
vehG-2,6857,5.173028571442096,5,235
vehG-1,6899,5.202128571432017,5,236
vehG-0,6963,5.066785714286004,5,237
vehG-2,6978,5.098285714300105,5,238
vehG-1,6990,4.708585714290025,4,239
vehG-0,7029,4.996071428574013,4,240
vehG-2,7106,4.752857142858004,4,241
vehG-1,7120,5.076042857148033,5,242
vehG-0,7134,4.116128571432022,4,243
vehG-2,7181,5.041800000002012,5,244
vehG-1,7212,4.736485714292039,4,245
vehG-0,7226,5.147785714290034,5,246
vehG-2,7240,5.122800000002017,5,247
vehG-1,7339,4.737000000000003,4,248
vehG-0,7352,5.131242857148042,5,249
vehG-2,7363,4.9176428571460225,4,250
vehG-1,7450,5.156014285716011,5,251
vehG-0,7464,5.015100000006049,5,252
vehG-2,7477,5.21515714286203,5,253
vehG-1,7513,5.20221428571602,5,254
vehG-0,7524,4.286100000006057,4,255
vehG-2,7539,4.57855714286204,4,256
vehG-1,7591,4.940271428574031,4,257
vehG-0,7603,4.713642857150065,4,258
vehG-2,7621,5.239757142864049,5,259
vehG-1,7650,5.1022714285740385,5,260
vehG-0,7664,5.0376428571500735,5,261
vehG-2,7680,5.077757142864055,5,262
vehG-1,7752,5.1110142857180465,5,263
vehG-0,7763,5.08590000000808,5,264
vehG-2,7778,5.178814285722065,5,265
vehG-1,7812,5.030014285718054,5,266
vehG-0,7824,5.016300000008087,5,267
vehG-2,7837,5.0978142857220705,5,268
vehG-1,7910,5.091300000006061,5,269
vehG-0,7925,5.008928571438093,5,270
vehG-2,7940,5.170028571438077,5,271
vehG-1,7969,5.010300000006067,5,272
vehG-0,7985,5.170928571438103,5,273
vehG-2,8053,5.0062714285720045,5,274
vehG-1,8089,4.9356428571520725,4,275
vehG-0,8107,4.561328571440112,4,276
vehG-2,8119,5.121471428572013,5,277
vehG-1,8166,4.733185714298083,4,278
vehG-0,8177,5.092328571442119,5,279
vehG-2,8233,5.238857142858004,5,280
vehG-1,8248,5.207014285728092,5,281
vehG-0,8259,5.219528571442128,5,282
vehG-2,8302,5.144914285718013,5,283
vehG-1,8324,5.101071428588104,5,284
vehG-0,8335,5.07972857144414,5,285
vehG-2,8401,4.68120000000602,4,286
vehG-1,8416,4.717928571446112,4,287
vehG-0,8427,5.241128571444145,5,288
vehG-2,8465,5.005200000006032,5,289
vehG-1,8477,5.041928571446121,5,290
vehG-0,8522,4.681757142876156,4,291
vehG-2,8542,5.1733714285800385,5,292
vehG-1,8567,4.9557857143041275,4,293
vehG-0,8583,5.098157142876163,5,294
vehG-2,8603,4.976571428580046,4,295
vehG-1,8626,5.036785714304134,5,296
vehG-0,8644,4.6931571428761725,4,297
vehG-2,8662,5.138571428580054,5,298
vehG-1,8691,5.23272857144814,5,299
vehG-0,8735,5.146071428592181,5,300
vehG-2,8748,4.393028571438061,4,301
vehG-1,8762,5.1512142857341505,5,302
vehG-0,8793,5.238471428592186,5,303
vehG-2,8833,5.021057142870071,5,304
vehG-1,8845,5.222442857164157,5,305
vehG-0,8915,5.194542857144005,5,306
vehG-2,8927,4.73091428572808,4,307
vehG-1,8940,5.085300000022165,5,308
vehG-0,8976,5.113542857144014,5,309
vehG-2,8993,4.75791428573009,4,310
vehG-1,9006,4.865100000022176,4,311
vehG-0,9048,5.205171428574025,5,312
vehG-2,9059,4.183200000018099,4,313
vehG-1,9073,5.130300000024186,5,314
vehG-0,9107,5.205171428574032,5,315
vehG-2,9119,5.236200000018107,5,316
vehG-1,9133,5.130300000024193,5,317
vehG-0,9167,5.04317142857404,5,318
vehG-2,9181,5.155200000018116,5,319
vehG-1,9199,5.163900000026202,5,320
vehG-0,9271,4.823700000000005,4,321
vehG-2,9285,5.225828571448124,5,322
vehG-1,9299,4.788557142884209,4,323
vehG-0,9331,4.742700000000014,4,324
vehG-2,9395,5.093400000000003,5,325
vehG-1,9409,4.929214285742217,4,326
vehG-0,9423,4.964442857144023,4,327
vehG-2,9453,5.012400000000007,5,328
vehG-1,9469,5.010214285742226,5,329
vehG-0,9539,5.163900000000005,5,330
vehG-2,9550,4.683342857144014,4,331
vehG-1,9562,4.757442857172232,4,332
vehG-0,9600,5.082900000000016,5,333
vehG-2,9672,4.712700000000003,4,334
vehG-1,9686,5.222185714316243,5,335
vehG-0,9699,5.119242857144025,5,336
vehG-2,9731,5.198700000000008,5,337
vehG-1,9754,5.082557142890252,5,338
vehG-0,9779,5.073985714290036,5,339
vehG-2,9801,5.109985714288014,5,340
vehG-1,9859,4.986942857180261,4,341
vehG-0,9872,4.1589857142900435,4,342
vehG-2,9883,4.403785714288024,4,343
vehG-1,9919,5.148942857180269,5,344
vehG-0,9932,5.049985714290052,5,345
vehG-2,9950,5.154814285718036,5,346
vehG-1,10027,4.712700000000005,4,347
vehG-0,10040,4.6051285714340615,4,348
vehG-2,10059,4.594800000006044,4,349
vehG-1,10168,5.200757142858002,5,350
vehG-0,10180,5.150871428578068,5,351
vehG-2,10193,4.689257142864052,4,352
vehG-1,10231,5.212157142858014,5,353
vehG-0,10265,5.098928571438075,5,354
vehG-2,10280,5.096700000008058,5,355
vehG-1,10291,4.448357142858019,4,356
vehG-0,10324,4.450928571438081,4,357
vehG-2,10346,5.169814285724066,5,358
vehG-1,10363,5.215242857146028,5,359
vehG-0,10384,5.01792857143809,5,360
vehG-2,10447,5.091771428582073,5,361
vehG-1,10460,4.770385714290035,4,362
vehG-0,10472,4.934185714296096,4,363
vehG-2,10508,5.091771428582082,5,364
vehG-1,10519,5.175385714290042,5,365
vehG-0,10539,4.481871428584108,4,366
vehG-2,10573,4.084200000012093,4,367
vehG-1,10632,4.854642857152049,4,368
vehG-0,10644,5.227714285728117,5,369
vehG-2,10668,4.8364285714441015,4,370
vehG-1,10690,5.097642857152055,5,371
vehG-0,10702,5.065714285728122,5,372
vehG-2,10740,5.062200000018115,5,373
vehG-1,10801,5.064471428582063,5,374
vehG-0,10822,5.087657142874129,5,375
vehG-2,10835,4.818857142876123,4,376
vehG-1,10861,5.226471428582071,5,377
vehG-0,10883,5.0876571428741375,5,378
vehG-2,10898,4.899857142876135,4,379
vehG-1,10980,4.876671428572005,4,380
vehG-0,10992,4.782900000018144,4,381
vehG-2,11005,4.068514285734142,4,382
vehG-1,11042,5.119671428572015,5,383
vehG-0,11063,4.7536714285921535,4,384
vehG-2,11076,5.162400000022152,5,385
vehG-1,11103,4.888071428572025,4,386
vehG-0,11173,5.226042857144004,5,387
vehG-2,11186,5.094942857166161,5,388
vehG-1,11199,4.157314285716032,4,389
vehG-0,11243,4.961614285718014,4,390
vehG-2,11259,5.024400000026171,5,391
vehG-1,11312,4.611685714286005,4,392
vehG-0,11325,5.079042857148021,5,393
vehG-2,11337,5.070600000026181,5,394
vehG-1,11371,5.1786857142860105,5,395
vehG-0,11385,5.125242857148031,5,396
vehG-2,11436,4.783585714314189,4,397
vehG-1,11449,5.112771428574019,5,398
vehG-0,11461,4.48092857143604,4,399
vehG-2,11496,5.188585714314195,5,400
vehG-1,11512,4.78877142857403,4,401
vehG-0,11524,4.44612857143605,4,402
vehG-2,11606,5.076471428602203,5,403
vehG-1,11619,5.1100285714320375,5,404
vehG-0,11633,5.176585714294058,5,405
vehG-2,11666,5.07647142860221,5,406
vehG-1,11682,3.9527142857180473,3,407
vehG-0,11705,5.05932857144007,5,408
vehG-2,11731,5.182414285746223,5,409
vehG-1,11765,5.217600000008055,5,410
vehG-0,11785,5.088642857156081,5,411
vehG-2,11800,4.383300000032233,4,412
vehG-1,11825,5.055600000008063,5,413
vehG-0,11847,4.972842857156092,4,414
vehG-2,11866,5.111185714320244,5,415
vehG-1,11937,5.030100000010072,5,416
vehG-0,11951,5.068285714300099,5,417
vehG-2,11963,5.240442857178252,5,418
vehG-1,11995,5.030100000010077,5,419
vehG-0,12010,4.906285714300106,4,420
vehG-2,12022,4.75444285717826,4,421
vehG-1,12104,4.911300000012085,4,422
vehG-0,12117,4.838742857158114,4,423
vehG-2,12131,5.068585714322267,5,424
vehG-1,12164,4.911300000012092,4,425
vehG-0,12177,5.000742857158122,5,426
vehG-2,12284,5.119585714286004,5,427
vehG-1,12296,4.774242857156099,4,428
vehG-0,12309,5.037171428588128,5,429
vehG-2,12342,5.11958571428601,5,430
vehG-1,12356,5.179242857156107,5,431
vehG-0,12369,5.199171428588136,5,432
vehG-2,12417,5.02881428571602,5,433
vehG-1,12429,4.521385714300116,4,434
vehG-0,12463,5.080371428590145,5,435
vehG-2,12477,4.785814285716027,4,436
vehG-1,12491,5.215585714300126,5,437
vehG-0,12579,5.048185714286005,5,438
vehG-2,12591,5.058557142860034,5,439
vehG-1,12604,5.113242857158133,5,440
vehG-0,12639,5.04818571428601,5,441
vehG-2,12653,4.572557142860044,4,442
vehG-1,12669,5.105528571446141,5,443
vehG-0,12724,5.142728571430015,5,444
vehG-2,12739,5.175900000004051,5,445
vehG-1,12752,5.144185714304145,5,446
vehG-0,12784,5.223728571430024,5,447
vehG-2,12806,5.001300000006062,5,448
vehG-1,12904,3.9499714285720042,3,449
vehG-0,12923,5.137328571432033,5,450
vehG-2,12934,5.111957142864069,5,451
vehG-1,12964,5.049171428572011,5,452
vehG-0,12981,4.732328571432038,4,453
vehG-2,12993,5.111957142864075,5,454
vehG-1,13024,5.049171428572018,5,455
vehG-0,13042,5.137328571432048,5,456
vehG-2,13056,5.123357142864084,5,457
vehG-1,13139,5.104457142858004,5,458
vehG-0,13157,5.242928571434056,5,459
vehG-2,13170,4.602300000008091,4,460
vehG-1,13199,5.104457142858011,5,461
vehG-0,13224,5.184042857150067,5,462
vehG-2,13241,5.167928571438103,5,463
vehG-1,13321,5.225742857148017,5,464
vehG-0,13333,5.019300000008076,5,465
