id,tick,speed(float),speed(discrete),Tot v
vehG-0,87,1.6767,1,1
vehG-1,103,3.0374999999999996,3,2
vehG-2,167,5.0400000000000045,5,3
vehG-3,178,5.170500000000004,5,4
vehG-0,212,5.011071428572004,5,5
vehG-1,225,5.151900000000005,5,6
vehG-2,239,5.027057142858011,5,7
vehG-3,324,5.145385714286003,5,8
vehG-0,420,5.022557142858005,5,9
vehG-1,432,5.024700000000007,5,10
vehG-2,471,5.177271428572007,5,11
vehG-3,486,4.718271428572007,4,12
vehG-0,497,4.766357142858017,4,13
vehG-1,575,5.153057142858003,5,14
vehG-2,697,5.175385714286005,5,15
vehG-3,783,5.175385714286005,5,16
vehG-0,795,5.1519857142860035,5,17
