id,tick,speed(float),speed(discrete),Tot v
vg1-0,137,4.7516142857160135,4,1
vg1-1,151,5.027185714286011,5,2
vg1-2,165,4.4075000000000095,4,3
vg1-3,187,4.845571428572019,4,4
vg1-4,198,4.922700000000016,4,5
vg1-5,211,5.112671428572013,5,6
vg1-6,226,5.147900000000015,5,7
vg1-7,239,4.748957142858013,4,8
vg1-8,251,4.765585714286013,4,9
vg1-0,266,5.075100000002031,5,10
vg1-1,281,5.038071428572029,5,11
vg1-2,292,4.858700000000031,4,12
vg1-3,306,5.169571428572032,5,13
vg1-4,318,5.16570000000003,5,14
vg1-5,330,5.031671428572026,5,15
vg1-6,349,5.032100000000033,5,16
vg1-7,361,5.084357142858028,5,17
vg1-8,373,5.17058571428603,5,18
vg1-0,387,4.751100000002047,4,19
vg1-1,399,5.119071428572039,5,20
vg1-2,411,5.020700000000042,5,21
vg1-3,426,5.169571428572046,5,22
vg1-4,440,4.806900000000046,4,23
vg1-5,452,4.719071428572041,4,24
vg1-6,472,5.205500000000049,5,25
vg1-7,484,4.366757142858046,4,26
vg1-8,498,4.337185714286048,4,27
vg1-0,510,5.167500000002063,5,28
vg1-1,520,5.038071428572056,5,29
vg1-2,536,5.020185714286059,5,30
vg1-3,549,5.0999714285720605,5,31
vg1-4,562,4.806900000000064,4,32
vg1-5,575,5.216471428572058,5,33
vg1-6,598,5.1821000000000685,5,34
vg1-7,614,5.037557142858068,5,35
vg1-8,626,4.336671428572065,4,36
vg1-0,637,5.016300000002078,5,37
vg1-1,649,5.014671428572075,5,38
vg1-2,663,4.996357142858075,4,39
vg1-3,674,4.822171428572076,4,40
vg1-4,690,5.083757142858079,5,41
vg1-5,701,5.193071428572072,5,42
vg1-6,718,5.020100000000082,5,43
vg1-7,735,5.118557142858084,5,44
vg1-8,747,4.868871428572079,4,45
vg1-0,759,4.530300000002095,4,46
vg1-1,771,3.718671428572091,3,47
vg1-2,789,4.197757142858087,4,48
vg1-3,804,3.6881714285720912,3,49
vg1-4,817,3.995957142858092,3,50
vg1-5,828,3.908471428572087,3,51
vg1-6,841,4.2911000000001005,4,52
vg1-7,856,4.065557142858099,4,53
vg1-8,869,4.186071428572094,4,54
vg1-0,887,5.073214285718107,5,55
vg1-1,902,5.002328571430103,5,56
vg1-2,917,5.181157142858104,5,57
vg1-3,933,4.995057142858112,4,58
vg1-4,945,5.1875571428581075,5,59
vg1-5,958,5.122528571430101,5,60
vg1-6,973,5.089100000000119,5,61
vg1-7,984,5.025557142858117,5,62
vg1-8,999,4.775871428572114,4,63
vg1-0,1010,4.922614285718123,4,64
vg1-1,1023,5.129528571430117,5,65
vg1-2,1037,5.181157142858118,5,66
vg1-3,1049,5.076057142858124,5,67
vg1-4,1067,4.782557142858124,4,68
vg1-5,1078,5.122528571430117,5,69
vg1-6,1090,5.08910000000013,5,70
vg1-7,1103,5.106557142858129,5,71
vg1-8,1118,4.856871428572128,4,72
vg1-0,1130,4.679614285718137,4,73
vg1-1,1143,4.967528571430132,4,74
vg1-2,1168,5.168728571430136,5,75
vg1-3,1181,5.225628571430144,5,76
vg1-4,1195,4.921157142858144,4,77
vg1-5,1206,4.149928571430135,4,78
vg1-6,1223,3.7697000000001495,3,79
vg1-7,1237,4.1681571428581465,4,80
vg1-8,1251,4.648071428572143,4,81
vg1-0,1268,3.2696142857201513,3,82
vg1-1,1281,4.377128571430147,4,83
vg1-2,1307,4.93558571429015,4,84
vg1-3,1319,5.236085714288164,5,85
vg1-4,1331,4.758042857144163,4,86
vg1-5,1342,5.086357142860152,5,87
vg1-6,1353,5.238500000000168,5,88
vg1-7,1368,5.104842857144167,5,89
vg1-8,1379,5.006357142858158,5,90
vg1-0,1392,5.213100000006166,5,91
vg1-1,1405,5.048014285716162,5,92
vg1-2,1428,4.611585714290166,4,93
vg1-3,1439,5.236085714288178,5,94
vg1-4,1453,5.09344285714418,5,95
vg1-5,1466,4.8085571428601686,4,96
vg1-6,1478,5.053100000000185,5,97
vg1-7,1491,4.838442857144183,4,98
vg1-8,1509,4.068300000002176,4,99
vg1-0,1521,3.8589000000061846,3,100
vg1-1,1537,3.9716142857161794,3,101
vg1-2,1555,3.89398571429018,3,102
vg1-3,1569,4.205885714288193,4,103
vg1-4,1581,4.584042857144193,4,104
vg1-5,1593,5.120557142860184,5,105
vg1-6,1609,4.415985714286201,4,106
vg1-7,1620,4.282842857144195,4,107
vg1-8,1643,4.9235571428601945,4,108
vg1-0,1659,5.096271428578203,5,109
vg1-1,1671,5.151214285716198,5,110
vg1-2,1683,5.085157142862197,5,111
vg1-3,1695,5.154485714288213,5,112
vg1-4,1710,5.115814285716212,5,113
vg1-5,1725,5.061928571432202,5,114
vg1-6,1745,5.166928571430218,5,115
vg1-7,1760,4.976442857144218,4,116
vg1-8,1775,5.027014285718215,5,117
vg1-0,1787,4.8184714285782215,4,118
vg1-1,1801,5.150357142860212,5,119
vg1-2,1818,5.014614285720216,5,120
vg1-3,1829,4.737485714288232,4,121
vg1-4,1844,5.219614285716229,5,122
vg1-5,1856,4.586728571432221,4,123
vg1-6,1867,4.935328571430232,4,124
vg1-7,1882,5.219442857144236,5,125
vg1-8,1893,5.108014285718227,5,126
vg1-0,1907,5.061471428578236,5,127
vg1-1,1921,4.745357142860227,4,128
vg1-2,1937,5.09561428572023,5,129
vg1-3,1955,5.049571428574251,5,130
vg1-4,1967,5.080414285716244,5,131
vg1-5,1980,4.760128571432238,4,132
vg1-6,1992,4.62272857143025,4,133
vg1-7,2005,5.219442857144254,5,134
vg1-8,2016,4.703014285718245,4,135
vg1-0,2032,4.783671428578255,4,136
vg1-1,2047,5.1151285714322405,5,137
vg1-2,2060,4.771014285720241,4,138
vg1-3,2072,5.014771428574259,5,139
vg1-4,2090,5.13810000000226,5,140
vg1-5,2103,4.366528571432254,4,141
vg1-6,2114,4.8657285714302665,4,142
vg1-7,2128,5.1846428571442695,5,143
vg1-8,2144,5.09558571429026,5,144
vg1-0,2163,5.164757142864271,5,145
vg1-1,2177,5.230328571432262,5,146
vg1-2,2188,5.083014285720259,5,147
vg1-3,2204,5.141457142860281,5,148
vg1-4,2214,4.814100000002278,4,149
vg1-5,2226,5.002528571432268,5,150
vg1-6,2238,5.108728571430286,5,151
vg1-7,2250,5.115042857144285,5,152
vg1-8,2263,4.863985714290271,4,153
vg1-0,2283,4.435757142864286,4,154
vg1-1,2294,5.230328571432272,5,155
vg1-2,2310,4.354014285720276,4,156
vg1-3,2324,5.060457142860296,5,157
vg1-4,2337,5.103300000002295,5,158
vg1-5,2350,5.002528571432285,5,159
vg1-6,2366,4.853814285716306,4,160
vg1-7,2378,5.137842857144304,5,161
vg1-8,2389,5.12978571429029,5,162
vg1-0,2403,5.0489571428643,5,163
vg1-1,2424,5.056328571432293,5,164
vg1-2,2439,4.9553000000062974,4,165
vg1-3,2453,5.083257142860316,5,166
vg1-4,2465,4.686300000002314,4,167
vg1-5,2476,5.0482142857183,5,168
vg1-6,2494,5.188785714288324,5,169
vg1-7,2503,4.698042857144324,4,170
vg1-8,2517,3.9837857142903093,3,171
vg1-0,2531,4.782557142864317,4,172
vg1-1,2545,5.056328571432307,5,173
vg1-2,2559,5.1173000000063125,5,174
vg1-3,2582,5.186714285718334,5,175
vg1-4,2598,5.102185714288334,5,176
vg1-5,2613,5.186300000004319,5,177
vg1-6,2623,5.026185714288339,5,178
vg1-7,2637,5.183014285716345,5,179
vg1-8,2649,5.151471428576328,5,180
vg1-0,2661,5.233157142864335,5,181
vg1-1,2675,4.211014285718325,4,182
vg1-2,2687,4.492100000006333,4,183
vg1-3,2706,5.232914285718352,5,184
vg1-4,2718,5.159785714288346,5,185
vg1-5,2732,5.1863000000043336,5,186
vg1-6,2743,5.1071857142883506,5,187
vg1-7,2756,5.021014285716358,5,188
vg1-8,2767,5.070471428576339,5,189
vg1-0,2782,5.1983571428643485,5,190
vg1-1,2794,5.021014285718338,5,191
vg1-2,2818,5.104871428578353,5,192
vg1-3,2832,4.480514285718369,4,193
vg1-4,2845,4.708071428574366,4,194
vg1-5,2863,4.17847142857635,4,195
vg1-6,2873,3.8568714285743706,3,196
vg1-7,2893,4.915500000002376,4,197
vg1-8,2905,4.490957142862356,4,198
vg1-0,2913,4.804757142864367,4,199
vg1-1,2926,4.198757142862357,4,200
vg1-2,2941,4.38727142857837,4,201
vg1-3,2953,5.2095142857183845,5,202
vg1-4,2967,5.170671428574379,5,203
vg1-5,2983,5.069471428576364,5,204
vg1-6,2998,5.013671428574387,5,205
vg1-7,3011,4.429500000002389,4,206
vg1-8,3025,5.1389571428623695,5,207
vg1-0,3038,4.352957142864381,4,208
vg1-1,3059,4.973357142862379,4,209
vg1-2,3085,5.03844285715239,5,210
vg1-3,3098,5.150714285718401,5,211
vg1-4,3118,5.192528571432396,5,212
vg1-5,3130,5.149271428576383,5,213
vg1-6,3144,4.572671428574408,4,214
vg1-7,3155,5.169300000002412,5,215
vg1-8,3168,5.010642857148391,5,216
vg1-0,3181,5.037300000008404,5,217
vg1-1,3196,5.030185714292397,5,218
vg1-2,3209,4.841642857152406,4,219
vg1-3,3222,5.0116000000044165,5,220
vg1-4,3238,5.157728571432408,5,221
vg1-5,3250,5.206871428576395,5,222
vg1-6,3262,5.058671428574421,5,223
vg1-7,3274,5.169300000002426,5,224
vg1-8,3285,5.010642857148402,5,225
vg1-0,3301,5.199300000008417,5,226
vg1-1,3317,5.111185714292413,5,227
vg1-2,3329,5.084642857152421,5,228
vg1-3,3353,4.744514285720432,4,229
vg1-4,3365,4.9261285714324226,4,230
vg1-5,3386,5.240814285720419,5,231
vg1-6,3397,5.046671428574438,5,232
vg1-7,3412,5.156871428574441,5,233
vg1-8,3423,5.044842857148417,5,234
vg1-0,3437,5.12918571429443,5,235
vg1-1,3448,5.064385714292435,5,236
vg1-2,3460,5.060728571438439,5,237
vg1-3,3471,5.1495142857204455,5,238
vg1-4,3485,4.035128571432437,4,239
vg1-5,3501,5.1598142857204286,5,240
vg1-6,3522,4.479671428574457,4,241
vg1-7,3533,4.682271428574455,4,242
vg1-8,3545,5.010042857148433,5,243
vg1-0,3556,4.805185714294443,4,244
vg1-1,3567,5.145385714292448,5,245
vg1-2,3579,5.18792857143845,5,246
vg1-3,3592,4.82551428572046,4,247
vg1-4,3607,5.088128571432454,5,248
vg1-5,3622,4.592814285720444,4,249
vg1-6,3645,5.150557142860474,5,250
vg1-7,3657,5.029071428574469,5,251
vg1-8,3672,5.056242857148451,5,252
vg1-0,3686,4.734642857152457,4,253
vg1-1,3698,5.0985857142924615,5,254
vg1-2,3711,5.210128571438462,5,255
vg1-3,3733,5.104342857150478,5,256
vg1-4,3745,5.006528571432475,5,257
vg1-5,3757,5.043414285720464,5,258
vg1-6,3776,5.219214285718493,5,259
vg1-7,3789,4.600671428574489,4,260
vg1-8,3804,4.905042857148467,4,261
vg1-0,3816,4.908042857152472,4,262
vg1-1,3828,5.237185714292479,5,263
vg1-2,3842,4.827414285724479,4,264
vg1-3,3853,5.023342857150492,5,265
vg1-4,3867,5.064128571432488,5,266
vg1-5,3885,5.06595714286448,5,267
vg1-6,3897,5.219214285718509,5,268
vg1-7,3912,4.369071428574507,4,269
vg1-8,3925,5.067042857148482,5,270
vg1-0,3940,5.116242857152489,5,271
vg1-1,3952,5.017071428578495,5,272
vg1-2,3963,5.162814285724494,5,273
vg1-3,3975,5.034742857150507,5,274
vg1-4,3992,5.075528571432504,5,275
vg1-5,4006,4.741957142864495,4,276
vg1-6,4018,5.103414285718523,5,277
vg1-7,4035,5.2252714285745245,5,278
vg1-8,4047,4.905042857148499,4,279
vg1-0,4058,5.197242857152501,5,280
vg1-1,4071,4.774071428578509,4,281
vg1-2,4083,4.364214285724507,4,282
vg1-3,4096,5.196742857150522,5,283
vg1-4,4115,5.237528571432523,5,284
vg1-5,4130,5.204557142864512,5,285
vg1-6,4141,5.033814285718539,5,286
vg1-7,4156,4.831671428574538,4,287
vg1-8,4169,5.229042857148516,5,288
vg1-0,4182,4.861242857152517,4,289
vg1-1,4194,4.693071428578527,4,290
vg1-2,4206,5.058414285724523,5,291
vg1-3,4218,5.0809428571505375,5,292
vg1-4,4236,5.237528571432539,5,293
vg1-5,4252,5.042557142864529,5,294
vg1-6,4264,5.091414285718555,5,295
vg1-7,4278,5.074671428574554,5,296
vg1-8,4300,5.03138571429253,5,297
vg1-0,4311,5.092242857152533,5,298
vg1-1,4321,4.426671428578547,4,299
vg1-2,4333,4.468014285724545,4,300
vg1-3,4345,4.6406285714365545,4,301
vg1-4,4356,5.1565285714325535,5,302
vg1-5,4377,5.019157142864547,5,303
vg1-6,4389,5.021814285718573,5,304
vg1-7,4402,4.762071428574573,4,305
vg1-8,4420,5.239585714292542,5,306
vg1-0,4437,4.651928571438546,4,307
vg1-1,4448,5.016471428578564,5,308
vg1-2,4460,5.219557142868559,5,309
vg1-3,4488,5.069628571438568,5,310
vg1-4,4501,5.166728571432573,5,311
vg1-5,4515,5.076157142864565,5,312
vg1-6,4527,5.078814285718594,5,313
vg1-7,4540,5.0386714285745935,5,314
vg1-8,4554,4.775957142864564,4,315
vg1-0,4565,5.044928571438561,5,316
vg1-1,4577,5.039271428578581,5,317
vg1-2,4594,4.5588714285845775,4,318
vg1-3,4610,5.1506285714385855,5,319
vg1-4,4622,5.004728571432588,5,320
vg1-5,4634,4.752157142864579,4,321
vg1-6,4656,4.136214285720606,4,322
vg1-7,4670,5.14204285714661,5,323
vg1-8,4682,4.72915714286458,4,324
vg1-0,4693,4.50072857143858,4,325
vg1-1,4705,3.719528571436596,3,326
vg1-2,4718,5.229757142870594,5,327
vg1-3,4732,5.081028571438601,5,328
vg1-4,4745,5.073814285718604,5,329
vg1-5,4763,5.006128571436597,5,330
vg1-6,4775,5.027214285720619,5,331
vg1-7,4788,5.223042857146623,5,332
vg1-8,4802,5.099357142864593,5,333
vg1-0,4813,5.1487285714385935,5,334
vg1-1,4827,5.188928571436612,5,335
vg1-2,4839,5.067757142870609,5,336
vg1-3,4851,5.000028571438614,5,337
vg1-4,4864,5.235814285718617,5,338
vg1-5,4888,5.121500000008613,5,339
vg1-6,4898,5.119614285720634,5,340
vg1-7,4909,4.81804285714664,4,341
vg1-8,4922,4.856357142864609,4,342
vg1-0,4935,4.870928571438609,4,343
vg1-1,4949,5.073128571436627,5,344
vg1-2,4961,4.743757142870625,4,345
vg1-3,4975,4.98811428572463,4,346
vg1-4,4987,4.7150142857186355,4,347
vg1-5,5008,5.040500000008629,5,348
vg1-6,5023,5.0615000000066495,5,349
vg1-7,5034,4.794642857146656,4,350
vg1-8,5049,5.0988428571506255,5,351
vg1-0,5063,4.81272857143863,4,352
vg1-1,5077,4.690928571436647,4,353
vg1-2,5090,5.229157142870645,5,354
vg1-3,5101,5.080085714296645,5,355
vg1-4,5115,4.737814285718653,4,356
vg1-5,5130,5.179100000008643,5,357
vg1-6,5145,4.818500000006667,4,358
vg1-7,5161,4.759414285718673,4,359
vg1-8,5174,4.924928571436642,4,360
vg1-0,5185,5.217728571438647,5,361
vg1-1,5199,4.656128571436662,4,362
vg1-2,5214,5.05524285715666,5,363
vg1-3,5226,5.126285714296664,5,364
vg1-4,5238,5.10801428571867,5,365
vg1-5,5252,5.063300000008659,5,366
vg1-6,5270,4.274385714292685,4,367
vg1-7,5293,4.2027000000066845,4,368
vg1-8,5306,4.58892857143666,4,369
vg1-0,5317,5.078528571438668,5,370
vg1-1,5328,5.049128571436683,5,371
vg1-2,5340,5.031842857156677,5,372
vg1-3,5352,4.8943428571546805,4,373
vg1-4,5363,5.003614285718683,5,374
vg1-5,5380,5.190071428580675,5,375
vg1-6,5394,4.285785714292703,4,376
vg1-7,5414,4.8507000000067,4,377
vg1-8,5427,4.588928571436674,4,378
vg1-0,5441,5.089928571438687,5,379
vg1-1,5466,5.140328571438704,5,380
vg1-2,5482,5.100500000014696,5,381
vg1-3,5494,4.7203428571547015,4,382
vg1-4,5506,5.095414285718702,5,383
vg1-5,5519,5.223842857152694,5,384
vg1-6,5531,4.539585714292723,4,385
vg1-7,5544,5.174100000006719,5,386
vg1-8,5555,5.132528571436696,5,387
vg1-0,5571,5.031385714296706,5,388
vg1-1,5588,5.221328571438721,5,389
vg1-2,5603,5.181500000014712,5,390
vg1-3,5614,5.009542857154715,5,391
vg1-4,5625,5.141614285718713,5,392
vg1-5,5640,5.0732428571527075,5,393
vg1-6,5653,5.1527857142927385,5,394
vg1-7,5666,4.745785714292733,4,395
vg1-8,5678,5.213528571436715,5,396
vg1-0,5689,5.1123857142967175,5,397
vg1-1,5710,5.1403285714387374,5,398
vg1-2,5728,4.741700000014731,4,399
vg1-3,5740,4.534942857154735,4,400
vg1-4,5752,5.083071428576728,5,401
vg1-5,5773,4.528700000010727,4,402
vg1-6,5789,5.105300000008756,5,403
vg1-7,5801,5.207785714292752,5,404
vg1-8,5813,5.062328571436732,5,405
vg1-0,5826,4.766614285726738,4,406
vg1-1,5838,5.012528571438753,5,407
vg1-2,5851,4.706900000014748,4,408
vg1-3,5865,4.986142857154754,4,409
vg1-4,5879,5.233157142862747,5,410
vg1-5,5902,4.967985714296747,4,411
vg1-6,5913,4.896671428580772,4,412
vg1-7,5930,3.413357142864767,3,413
vg1-8,5946,3.7195285714367516,3,414
vg1-0,5957,4.245385714298759,4,415
vg1-1,5970,3.8313857142967693,3,416
vg1-2,5987,4.185500000014771,4,417
vg1-3,6003,3.411314285726775,3,418
vg1-4,6016,4.526614285720768,4,419
vg1-5,6030,4.111185714296764,4,420
vg1-6,6040,4.063271428580792,4,421
vg1-7,6059,5.079214285722784,5,422
vg1-8,6071,5.084100000008763,5,423
vg1-0,6086,5.0319857142987745,5,424
vg1-1,6103,5.219357142868786,5,425
vg1-2,6130,5.026357142874784,5,426
vg1-3,6142,5.227514285726789,5,427
vg1-4,6155,5.093014285720783,5,428
vg1-5,6166,5.024985714296779,5,429
vg1-6,6179,5.15047142858081,5,430
vg1-7,6191,5.032414285722799,5,431
vg1-8,6205,5.234100000008781,5,432
vg1-0,6217,4.927585714298793,4,433
vg1-1,6229,5.091642857154802,5,434
vg1-2,6249,4.702357142874797,4,435
vg1-3,6263,4.822514285726806,4,436
vg1-4,6278,5.127300000006797,5,437
vg1-5,6296,5.012642857154797,5,438
vg1-6,6307,5.1615285714388275,5,439
vg1-7,6319,5.136214285722815,5,440
vg1-8,6334,5.222185714294802,5,441
vg1-0,6346,4.8807857142988125,4,442
vg1-1,6358,5.160214285726818,5,443
vg1-2,6369,5.188357142874811,5,444
vg1-3,6385,5.20411428572682,5,445
vg1-4,6400,4.606500000006814,4,446
vg1-5,6415,5.012642857154812,5,447
vg1-6,6427,5.1615285714388435,5,448
vg1-7,6439,5.136214285722829,5,449
vg1-8,6453,4.736185714294815,4,450
vg1-0,6466,4.926985714298826,4,451
vg1-1,6480,5.079214285726836,5,452
vg1-2,6492,4.864357142874829,4,453
vg1-3,6503,5.123114285726831,5,454
vg1-4,6519,5.011500000006827,5,455
vg1-5,6535,5.012642857154826,5,456
vg1-6,6546,4.999528571438857,5,457
vg1-7,6560,5.136214285722845,5,458
vg1-8,6575,4.736185714294831,4,459
vg1-0,6587,5.007985714298841,5,460
vg1-1,6601,5.241214285726855,5,461
vg1-2,6613,5.188357142874847,5,462
vg1-3,6630,4.7753714285848465,4,463
vg1-4,6652,4.281642857150846,4,464
vg1-5,6665,5.000642857154841,5,465
vg1-6,6678,5.1029857142968735,5,466
vg1-7,6687,4.5806142857228656,4,467
vg1-8,6699,4.677985714294845,4,468
vg1-0,6713,5.07698571429886,5,469
vg1-1,6727,5.078700000012869,5,470
vg1-2,6740,4.759957142874864,4,471
vg1-3,6751,5.180371428584862,5,472
vg1-4,6771,5.010642857150859,5,473
vg1-5,6784,5.081642857154853,5,474
vg1-6,6800,5.125871428582887,5,475
vg1-7,6814,4.695814285722883,4,476
vg1-8,6825,4.376785714294863,4,477
vg1-0,6838,4.891585714298877,4,478
vg1-1,6851,4.742785714298887,4,479
vg1-2,6864,4.597957142874883,4,480
vg1-3,6875,4.046371428584881,4,481
vg1-4,6889,5.091642857150871,5,482
vg1-5,6903,5.162642857154869,5,483
vg1-6,6933,4.453442857156899,4,484
vg1-7,6945,5.1236142857228995,5,485
vg1-8,6960,4.514957142866882,4,486
vg1-0,6973,5.168785714298892,5,487
vg1-1,6983,4.511185714298904,4,488
vg1-2,6995,4.747957142874898,4,489
vg1-3,7013,3.7103714285848968,3,490
vg1-4,7025,3.7369285714368905,3,491
vg1-5,7038,4.039442857154884,4,492
vg1-6,7057,5.170442857156916,5,493
vg1-7,7069,4.730014285722917,4,494
vg1-8,7080,4.271957142866896,4,495
vg1-0,7095,4.381585714298906,4,496
vg1-1,7108,4.64978571429892,4,497
vg1-2,7129,5.2097857143049175,5,498
vg1-3,7143,4.3344571428709155,4,499
vg1-4,7158,4.812300000008909,4,500
vg1-5,7173,4.987100000012902,4,501
vg1-6,7184,4.869242857156935,4,502
vg1-7,7195,4.7414142857229375,4,503
vg1-8,7211,4.004957142866915,4,504
vg1-0,7222,4.3929857142989235,4,505
vg1-1,7236,4.5333857142989356,4,506
vg1-2,7250,5.128785714304934,5,507
vg1-3,7264,4.982457142870931,4,508
vg1-4,7278,5.217300000008924,5,509
vg1-5,7292,5.149100000012916,5,510
vg1-6,7303,4.950242857156948,4,511
vg1-7,7318,5.065414285722957,5,512
vg1-8,7332,4.814957142866931,4,513
vg1-0,7350,5.144785714298942,5,514
vg1-1,7361,5.076985714298954,5,515
vg1-2,7374,5.151585714304949,5,516
vg1-3,7390,5.2135428571569475,5,517
vg1-4,7407,5.228185714294941,5,518
vg1-5,7418,5.056100000012928,5,519
vg1-6,7433,5.076842857156965,5,520
vg1-7,7448,4.787185714294971,4,521
vg1-8,7468,4.790785714296949,4,522
vg1-0,7481,4.044985714298956,4,523
vg1-1,7494,3.8962714285849738,3,524
vg1-2,7507,5.118157142878963,5,525
vg1-3,7522,4.930771428586961,4,526
vg1-4,7537,5.077157142866961,5,527
vg1-5,7550,4.546700000012951,4,528
vg1-6,7562,4.567014285728981,4,529
vg1-7,7580,5.064042857152987,5,530
vg1-8,7591,5.114785714296967,5,531
vg1-0,7603,4.7043857142989705,4,532
vg1-1,7615,4.509471428584991,4,533
vg1-2,7635,5.002014285736981,5,534
vg1-3,7647,5.092771428586981,5,535
vg1-4,7663,4.359214285724977,4,536
vg1-5,7674,4.7087000000129695,4,537
vg1-6,7686,4.335414285728999,4,538
vg1-7,7699,4.4970428571530014,4,539
vg1-8,7713,4.628785714296984,4,540
vg1-0,7727,4.032985714298987,4,541
vg1-1,7741,4.4974714285850075,4,542
vg1-2,7755,5.083014285736996,5,543
vg1-3,7770,4.687771428586999,4,544
vg1-4,7782,5.134414285724987,5,545
vg1-5,7801,4.094900000012986,4,546
vg1-6,7814,5.1911857143010165,5,547
vg1-7,7829,5.1560142857250195,5,548
vg1-8,7843,5.056157142869002,5,549
vg1-0,7860,5.177442857157002,5,550
vg1-1,7872,5.041071428585023,5,551
vg1-2,7888,5.012985714309011,5,552
vg1-3,7903,4.8492571428730145,4,553
vg1-4,7926,5.239928571441001,5,554
vg1-5,7939,5.045557142871005,5,555
vg1-6,7951,4.9361857143010335,4,556
vg1-7,7968,5.016471428583033,5,557
vg1-8,7980,5.032157142869025,5,558
vg1-0,7994,5.146500000015022,5,559
vg1-1,8007,5.028642857157042,5,560
vg1-2,8024,4.00575714288103,4,561
vg1-3,8039,3.9687142857310294,3,562
vg1-4,8054,3.828128571441016,3,563
vg1-5,8067,4.37415714287102,4,564
vg1-6,8078,4.264785714301049,4,565
vg1-7,8090,3.882471428583047,3,566
vg1-8,8102,4.384157142869041,4,567
vg1-0,8117,4.741500000015039,4,568
vg1-1,8131,3.9870428571570553,3,569
vg1-2,8146,5.139757142881048,5,570
vg1-3,8167,4.789685714303046,4,571
vg1-4,8180,5.0659285714410345,5,572
vg1-5,8192,5.160757142871036,5,573
vg1-6,8204,5.1668428571590646,5,574
vg1-7,8224,5.223728571441065,5,575
vg1-8,8240,5.1125571428690595,5,576
vg1-0,8252,5.099700000015057,5,577
vg1-1,8265,4.9351285714430695,4,578
vg1-2,8276,4.768957142881062,4,579
vg1-3,8294,5.147885714303063,5,580
vg1-4,8307,5.077328571441056,5,581
vg1-5,8320,4.894357142871057,4,582
vg1-6,8334,5.108642857159086,5,583
vg1-7,8345,5.142728571441081,5,584
vg1-8,8359,5.193557142869073,5,585
vg1-0,8373,5.180700000015072,5,586
vg1-1,8385,5.0971285714430845,5,587
vg1-2,8399,4.930957142881081,4,588
vg1-3,8414,5.066885714303078,5,589
vg1-4,8426,5.123528571441067,5,590
vg1-5,8438,5.218357142871069,5,591
vg1-6,8459,4.472042857159106,4,592
vg1-7,8471,5.153700000013096,5,593
vg1-8,8485,5.22784285715509,5,594
vg1-0,8507,4.8788142857310905,4,595
vg1-1,8523,5.142814285729104,5,596
vg1-2,8534,5.046157142881095,5,597
vg1-3,8546,5.1706857143031,5,598
vg1-4,8559,5.180528571441088,5,599
vg1-5,8571,5.113357142871088,5,600
vg1-6,8586,5.050442857159127,5,601
vg1-7,8597,5.003100000013116,5,602
vg1-8,8611,4.371128571441105,4,603
vg1-0,8635,5.005585714303109,5,604
vg1-1,8652,4.679271428587119,4,605
vg1-2,8665,5.0341571428811145,5,606
vg1-3,8677,5.089085714303117,5,607
vg1-4,8689,5.179928571441104,5,608
vg1-5,8702,5.147557142871106,5,609
vg1-6,8714,4.830242857159144,4,610
vg1-7,8725,5.095500000013136,5,611
vg1-8,8739,4.926128571441121,4,612
vg1-0,8754,5.167585714303122,5,613
vg1-1,8773,5.084271428587134,5,614
vg1-2,8785,5.11515714288113,5,615
vg1-3,8797,4.117085714303132,4,616
vg1-4,8808,4.693928571441117,4,617
vg1-5,8824,5.112757142871121,5,618
vg1-6,8836,4.71444285715916,4,619
vg1-7,8848,5.072100000013152,5,620
vg1-8,8863,5.08812857144114,5,621
vg1-0,8882,5.143928571447138,5,622
vg1-1,8894,5.072271428587146,5,623
vg1-2,8907,5.149528571453143,5,624
vg1-3,8921,4.706885714303147,4,625
vg1-4,8942,5.1785571428711314,5,626
vg1-5,8958,4.81155714287114,4,627
vg1-6,8972,3.3484142857311796,3,628
vg1-7,8984,3.7635857142991673,3,629
vg1-8,8997,3.93012857144116,3,630
vg1-0,9012,4.1833285714471575,4,631
vg1-1,9025,4.458557142873166,4,632
vg1-2,9038,4.917500000025164,4,633
vg1-3,9051,5.088485714303171,5,634
vg1-4,9062,5.016557142871145,5,635
vg1-5,9081,5.216557142871159,5,636
vg1-6,9108,4.839585714305194,4,637
vg1-7,9123,5.1165857142991875,5,638
vg1-8,9134,5.086328571441175,5,639
vg1-0,9145,5.223728571447177,5,640
vg1-1,9164,4.688700000017188,4,641
vg1-2,9175,5.078300000027184,5,642
vg1-3,9187,5.215085714303189,5,643
vg1-4,9200,5.062242857157164,5,644
vg1-5,9212,5.20455714287118,5,645
vg1-6,9227,5.001585714305207,5,646
vg1-7,9242,5.197585714299201,5,647
vg1-8,9254,4.484528571441189,4,648
vg1-0,9265,5.1427285714471935,5,649
vg1-1,9285,4.769700000017203,4,650
vg1-2,9296,5.2055000000271985,5,651
vg1-3,9313,4.751885714303207,4,652
vg1-4,9327,5.0618142857291835,5,653
vg1-5,9338,4.914757142871196,4,654
vg1-6,9353,5.059185714305224,5,655
vg1-7,9364,4.549585714299219,4,656
vg1-8,9384,4.831071428585207,4,657
vg1-0,9397,5.084528571447213,5,658
vg1-1,9408,5.197500000017216,5,659
vg1-2,9422,5.124071428599215,5,660
vg1-3,9434,4.913885714303222,4,661
vg1-4,9448,5.061814285729198,5,662
vg1-5,9464,5.134357142871214,5,663
vg1-6,9479,5.185957142877238,5,664
vg1-7,9490,5.174185714299237,5,665
vg1-8,9506,4.43747142858522,4,666
vg1-0,9520,5.176928571447228,5,667
vg1-1,9531,4.526100000017233,4,668
vg1-2,9547,5.216471428599232,5,669
vg1-3,9561,4.878742857161241,4,670
vg1-4,9575,4.367100000015216,4,671
vg1-5,9588,4.705957142871228,4,672
vg1-6,9604,3.7274428571632523,3,673
vg1-7,9617,4.780585714299258,4,674
vg1-8,9628,5.085471428585238,5,675
vg1-0,9642,5.153528571447243,5,676
vg1-1,9653,5.13930000001725,5,677
vg1-2,9665,4.973471428599242,4,678
vg1-3,9679,5.040742857161254,5,679
vg1-4,9698,5.00318571430123,5,680
vg1-5,9714,5.006557142871245,5,681
vg1-6,9729,5.034842857163272,5,682
vg1-7,9742,4.502785714299277,4,683
vg1-8,9757,5.084614285729253,5,684
vg1-0,9775,5.222528571447262,5,685
vg1-1,9790,5.068842857161267,5,686
vg1-2,9802,4.4743571428852595,4,687
vg1-3,9816,5.028228571447271,5,688
vg1-4,9830,5.060271428587246,5,689
vg1-5,9845,5.179442857157263,5,690
vg1-6,9856,5.011442857163292,5,691
vg1-7,9871,4.444585714299298,4,692
vg1-8,9886,5.014585714301271,5,693
vg1-0,9899,5.06052857144728,5,694
vg1-1,9915,4.744414285733283,4,695
vg1-2,9929,5.145157142885276,5,696
vg1-3,9946,5.027800000019292,5,697
vg1-4,9958,5.083071428587266,5,698
vg1-5,9970,4.681442857157279,4,699
vg1-6,9985,5.091928571449312,5,700
vg1-7,9998,5.13878571429932,5,701
vg1-8,10018,5.175814285731289,5,702
vg1-0,10032,5.210614285733299,5,703
vg1-1,10043,5.045014285733301,5,704
vg1-2,10058,5.214157142885294,5,705
vg1-3,10069,5.155000000019308,5,706
vg1-4,10082,4.840071428587283,4,707
vg1-5,10096,5.063042857157298,5,708
vg1-6,10108,4.050328571449328,4,709
vg1-7,10122,4.837585714299335,4,710
vg1-8,10138,4.6898142857313045,4,711
vg1-0,10153,5.094814285733315,5,712
vg1-1,10166,4.165414285733317,4,713
vg1-2,10178,4.89015714288531,4,714
vg1-3,10195,5.236000000019329,5,715
vg1-4,10206,5.024871428587299,5,716
vg1-5,10218,4.820042857157316,4,717
vg1-6,10230,4.813614285735341,4,718
vg1-7,10246,5.068585714299351,5,719
vg1-8,10264,5.025214285731323,5,720
vg1-0,10281,4.736014285733337,4,721
vg1-1,10293,5.033014285733337,5,722
vg1-2,10305,5.167442857171328,5,723
vg1-3,10316,5.155000000019346,5,724
vg1-4,10328,5.024871428587317,5,725
vg1-5,10340,5.07444285715733,5,726
vg1-6,10356,5.102471428593355,5,727
vg1-7,10372,5.126185714299368,5,728
vg1-8,10383,4.701214285731336,4,729
vg1-0,10399,5.060014285733348,5,730
vg1-1,10414,5.114014285733353,5,731
vg1-2,10425,5.132642857171342,5,732
vg1-3,10437,5.201200000019361,5,733
vg1-4,10448,5.07107142858733,5,734
vg1-5,10464,5.132042857157348,5,735
vg1-6,10477,5.102471428593371,5,736
vg1-7,10491,5.126185714299382,5,737
vg1-8,10503,5.198614285731349,5,738
vg1-0,10519,4.979014285733363,4,739
vg1-1,10532,4.709014285733366,4,740
vg1-2,10544,5.132642857171354,5,741
vg1-3,10562,5.004057142877374,5,742
vg1-4,10575,5.093871428587345,5,743
vg1-5,10587,4.692242857157364,4,744
vg1-6,10598,5.0443571428793845,5,745
vg1-7,10612,4.616871428585396,4,746
vg1-8,10627,4.677814285731365,4,747
vg1-0,10641,5.06001428573338,5,748
vg1-1,10658,5.055900000019384,5,749
vg1-2,10672,4.496042857171374,4,750
vg1-3,10684,4.356057142877391,4,751
vg1-4,10696,4.376271428587359,4,752
vg1-5,10715,3.82387142858738,3,753
vg1-6,10728,4.268642857165399,4,754
vg1-7,10751,4.233814285729418,4,755
vg1-8,10765,4.305985714303383,4,756
vg1-0,10774,3.705814285733396,3,757
vg1-1,10788,4.118100000019405,4,758
vg1-2,10801,4.7504428571713975,4,759
vg1-3,10814,5.176942857163409,5,760
vg1-4,10826,4.699757142873379,4,761
vg1-5,10839,5.142671428587397,5,762
vg1-6,10851,5.147642857165412,5,763
vg1-7,10874,5.009014285729435,5,764
vg1-8,10886,4.710985714303399,4,765
vg1-0,10902,5.140414285733416,5,766
vg1-1,10915,5.031900000019424,5,767
vg1-2,10927,4.819528571457415,4,768
vg1-3,10939,5.153542857163427,5,769
vg1-4,10960,5.207700000017396,5,770
vg1-5,10971,5.1535571428734155,5,771
vg1-6,10985,5.030728571451431,5,772
vg1-7,10996,5.171014285729452,5,773
vg1-8,11011,4.676185714303419,4,774
vg1-0,11023,4.816414285733432,4,775
vg1-1,11035,5.193900000019439,5,776
vg1-2,11048,5.22452857145743,5,777
vg1-3,11061,5.2345428571634445,5,778
vg1-4,11083,4.976100000017411,4,779
vg1-5,11099,5.1182428571594345,5,780
vg1-6,11110,4.694728571451447,4,781
vg1-7,11124,5.1705857143014695,5,782
vg1-8,11136,5.208385714303438,5,783
vg1-0,11149,5.070814285733452,5,784
vg1-1,11168,4.487357142877459,4,785
vg1-2,11187,4.598471428601447,4,786
vg1-3,11201,4.203742857163464,4,787
vg1-4,11215,5.0793857143034264,5,788
vg1-5,11226,5.198728571445448,5,789
vg1-6,11239,4.763728571451463,4,790
vg1-7,11253,4.440985714301486,4,791
vg1-8,11264,4.5135857143034555,4,792
vg1-0,11277,5.1627857143054685,5,793
vg1-1,11290,5.0543571428774765,5,794
vg1-2,11307,4.5174714286014614,4,795
vg1-3,11328,4.087514285735479,4,796
vg1-4,11342,4.916785714303439,4,797
vg1-5,11354,5.163928571445471,5,798
vg1-6,11366,5.099128571451484,5,799
vg1-7,11383,5.203928571445503,5,800
vg1-8,11395,5.195785714303472,5,801
vg1-0,11409,4.756842857163488,4,802
vg1-1,11426,5.215757142877497,5,803
vg1-2,11438,5.026271428601484,5,804
vg1-3,11450,5.151914285735494,5,805
vg1-4,11468,4.337871428589456,4,806
vg1-5,11477,4.27292857144549,4,807
vg1-6,11493,4.0455285714515,4,808
vg1-7,11504,4.081328571445515,4,809
vg1-8,11516,5.033785714303487,5,810
vg1-0,11532,5.138528571449505,5,811
vg1-1,11545,4.89175714287751,4,812
vg1-2,11560,5.1534714286015,5,813
vg1-3,11579,5.151400000021513,5,814
vg1-4,11590,5.147871428589473,5,815
vg1-5,11601,4.920500000017504,4,816
vg1-6,11616,5.063728571451518,5,817
vg1-7,11636,5.202900000017534,5,818
vg1-8,11648,4.142271428589505,4,819
vg1-0,11659,5.196128571449525,5,820
vg1-1,11671,5.227157142877529,5,821
vg1-2,11689,4.8311000000315145,4,822
vg1-3,11702,4.156000000021528,4,823
vg1-4,11715,4.754271428589492,4,824
vg1-5,11729,3.624071428589522,3,825
vg1-6,11741,4.056928571451532,4,826
vg1-7,11756,5.121900000017549,5,827
vg1-8,11773,5.033271428589527,5,828
vg1-0,11785,4.9297285714495445,4,829
vg1-1,11804,5.075785714307548,5,830
vg1-2,11818,5.085500000031539,5,831
vg1-3,11832,5.219971428593548,5,832
vg1-4,11853,5.065242857161512,5,833
vg1-5,11870,4.513957142875546,4,834
vg1-6,11883,4.645614285737553,4,835
vg1-7,11893,4.75110000001757,4,836
vg1-8,11907,4.13027142858955,4,837
vg1-0,11921,3.9337285714495662,3,838
vg1-1,11934,3.8607857143075677,3,839
vg1-2,11951,4.587157142889554,4,840
vg1-3,11965,5.056600000023561,5,841
vg1-4,11977,5.146242857161531,5,842
vg1-5,11995,5.115157142875562,5,843
vg1-6,12009,4.66850000002357,4,844
vg1-7,12023,5.0741571428755865,5,845
vg1-8,12038,5.078271428589568,5,846
vg1-0,12050,4.731728571449583,4,847
vg1-1,12065,5.190985714307586,5,848
vg1-2,12076,5.223242857175571,5,849
vg1-3,12090,5.033200000023579,5,850
vg1-4,12103,5.2038428571615505,5,851
vg1-5,12117,5.11515714287558,5,852
vg1-6,12133,5.050100000023586,5,853
vg1-7,12145,3.9977571428756007,3,854
vg1-8,12157,4.835271428589582,4,855
vg1-0,12169,4.893728571449596,4,856
vg1-1,12188,5.086585714307603,5,857
vg1-2,12198,4.332242857175587,4,858
vg1-3,12211,4.223200000023595,4,859
vg1-4,12225,4.3128428571615665,4,860
vg1-5,12238,4.883557142875595,4,861
vg1-6,12252,4.402100000023599,4,862
vg1-7,12266,5.015957142875617,5,863
vg1-8,12278,5.008671428589598,5,864
vg1-0,12293,4.986128571449612,4,865
vg1-1,12306,5.086585714307613,5,866
vg1-2,12321,4.852442857175601,4,867
vg1-3,12345,5.0087714285956135,5,868
vg1-4,12360,4.32364285716159,4,869
vg1-5,12373,4.882957142875617,4,870
vg1-6,12385,4.737500000023624,4,871
vg1-7,12396,5.16595714287564,5,872
vg1-8,12410,4.9732714285896185,4,873
vg1-0,12421,4.893128571449633,4,874
vg1-1,12435,5.155585714307635,5,875
vg1-2,12447,4.736128571461617,4,876
vg1-3,12464,5.008771428595626,5,877
vg1-4,12482,5.017842857161605,5,878
vg1-5,12493,4.801957142875632,4,879
vg1-6,12509,5.165385714309639,5,880
vg1-7,12532,5.181128571449652,5,881
vg1-8,12551,5.088214285733632,5,882
vg1-0,12564,5.089414285735646,5,883
vg1-1,12578,5.235985714307646,5,884
vg1-2,12591,4.770328571461633,4,885
vg1-3,12604,5.123457142881642,5,886
vg1-4,12618,5.051614285733617,5,887
vg1-5,12638,4.870357142875649,4,888
vg1-6,12651,5.233785714309658,5,889
vg1-7,12665,5.064814285735673,5,890
vg1-8,12677,5.064814285733644,5,891
vg1-0,12696,5.238985714307662,5,892
vg1-1,12708,5.050242857165666,5,893
vg1-2,12719,5.035785714319649,5,894
vg1-3,12735,5.122857142881657,5,895
vg1-4,12746,5.225014285733632,5,896
vg1-5,12761,5.217242857161663,5,897
vg1-6,12776,4.712985714309676,4,898
vg1-7,12788,5.14581428573569,5,899
vg1-8,12800,5.006700000019659,5,900
vg1-0,12812,5.157985714307672,5,901
vg1-1,12828,5.177442857165679,5,902
vg1-2,12842,5.162985714319666,5,903
vg1-3,12862,5.052914285739673,5,904
vg1-4,12874,5.03961428573365,5,905
vg1-5,12886,5.043242857161679,5,906
vg1-6,12899,5.210385714309694,5,907
vg1-7,12910,5.076214285735705,5,908
vg1-8,12923,5.214900000019677,5,909
vg1-0,12944,4.925528571451689,4,910
vg1-1,12964,4.715785714309699,4,911
vg1-2,12980,4.354528571463679,4,912
vg1-3,12992,4.75171428573969,4,913
vg1-4,13007,4.020214285733665,4,914
vg1-5,13020,5.123642857161698,5,915
vg1-6,13032,3.8669857143097106,3,916
vg1-7,13047,4.080300000021725,4,917
vg1-8,13060,5.063700000019695,5,918
vg1-0,13072,4.705328571451701,4,919
vg1-1,13084,5.2017857143097155,5,920
vg1-2,13103,5.106414285749693,5,921
vg1-3,13119,5.225714285739708,5,922
vg1-4,13131,5.003614285733685,5,923
vg1-5,13142,4.695328571447712,4,924
vg1-6,13159,4.9541857143097285,4,925
vg1-7,13171,5.028900000021743,5,926
vg1-8,13185,5.225700000019716,5,927
vg1-0,13197,4.79772857145172,4,928
vg1-1,13209,5.201785714309735,5,929
vg1-2,13222,4.701414285749706,4,930
vg1-3,13245,3.246657142883724,3,931
vg1-4,13257,3.7076142857337038,3,932
vg1-5,13271,4.000528571447728,4,933
vg1-6,13283,4.120785714309744,4,934
vg1-7,13297,4.19550000002176,4,935
vg1-8,13309,4.033500000019732,4,936
vg1-0,13323,5.063528571451736,5,937
