id,tick,speed(float),speed(discrete),Tot v
vehG-0,33,5.0652571428580035,5,1
vehG-0,58,5.227257142858008,5,2
vehG-0,140,4.912371428572002,4,3
vehG-0,163,5.236371428572004,5,4
vehG-0,187,4.958571428572008,4,5
vehG-0,218,4.668942857144014,4,6
vehG-0,241,5.154942857144016,5,7
vehG-0,265,5.154942857144018,5,8
vehG-0,340,4.552414285716002,4,9
vehG-0,364,5.119414285716005,5,10
vehG-0,441,4.9776000000000025,4,11
vehG-0,464,5.0586000000000055,5,12
vehG-0,490,4.734600000000013,4,13
vehG-0,515,5.104800000000019,5,14
