id,tick,speed(float),speed(discrete),Tot v
vehG-0,71,5.000628571430008,5,1
vehG-1,83,5.003785714286007,5,2
vehG-2,152,5.181728571430005,5,3
vehG-3,163,5.236842857144005,5,4
vehG-0,177,4.352271428572007,4,5
vehG-1,191,4.409185714286006,4,6
vehG-2,211,5.100728571430011,5,7
vehG-3,299,5.021485714286005,5,8
vehG-0,311,4.943614285716004,4,9
vehG-1,323,4.7556428571440055,4,10
vehG-2,337,4.171671428572006,4,11
vehG-3,359,4.6164857142860125,4,12
vehG-0,440,5.205300000000005,5,13
vehG-1,453,4.334871428572007,4,14
vehG-2,468,4.826700000000008,4,15
vehG-3,481,4.907100000000006,4,16
vehG-0,506,5.170157142858014,5,17
vehG-1,586,5.203071428572003,5,18
vehG-2,601,5.0474142857160045,5,19
vehG-3,611,5.032928571430004,5,20
vehG-0,625,4.972242857144004,4,21
vehG-1,645,5.0410714285720095,5,22
vehG-2,660,5.128414285716011,5,23
vehG-3,729,5.061728571430003,5,24
vehG-0,741,5.1887571428580035,5,25
vehG-1,752,5.116585714286005,5,26
vehG-2,766,5.185585714286005,5,27
vehG-3,789,5.14272857143001,5,28
vehG-0,809,5.165014285716013,5,29
vehG-1,871,5.163900000000005,5,30
vehG-2,883,5.024700000000006,5,31
vehG-3,894,5.070900000000007,5,32
vehG-0,905,5.209585714286008,5,33
vehG-1,987,5.170671428572004,5,34
vehG-2,1001,4.892957142858007,4,35
vehG-3,1014,5.084185714286006,5,36
vehG-0,1027,5.185500000000006,5,37
vehG-1,1047,5.00867142857201,5,38
vehG-2,1064,5.020157142858016,5,39
vehG-3,1083,4.7942142857160155,4,40
vehG-0,1153,5.130342857144002,5,41
vehG-1,1171,5.132957142862002,5,42
vehG-2,1183,5.146671428576003,5,43
vehG-3,1196,4.305900000004004,4,44
vehG-0,1250,5.180100000000003,5,45
vehG-1,1262,5.151900000000003,5,46
vehG-2,1277,5.151385714286006,5,47
vehG-3,1290,4.893728571434014,4,48
vehG-0,1309,5.099100000000009,5,49
vehG-1,1320,5.232900000000008,5,50
vehG-2,1405,5.041071428572003,5,51
vehG-3,1418,5.119500000002004,5,52
vehG-0,1434,4.882500000002006,4,53
vehG-1,1447,4.613357142858005,4,54
vehG-2,1464,5.12207142857201,5,55
vehG-3,1481,4.41338571428801,4,56
vehG-0,1560,5.122071428572003,5,57
vehG-1,1573,5.228271428574003,5,58
vehG-2,1585,5.0403857142880035,5,59
vehG-3,1598,4.620900000002004,4,60
vehG-0,1679,5.189100000000004,5,61
vehG-1,1692,5.142385714288004,5,62
vehG-2,1704,5.151214285716004,5,63
vehG-3,1717,5.0905285714300055,5,64
vehG-0,1794,5.078185714286003,5,65
vehG-1,1807,5.223728571430005,5,66
vehG-2,1819,4.959385714288003,4,67
vehG-3,1831,5.095500000002005,5,68
vehG-0,1906,4.834842857144004,4,69
vehG-1,1923,4.906328571430006,4,70
vehG-2,1935,4.732242857144005,4,71
vehG-3,1946,5.004471428572005,5,72
vehG-0,1966,4.591842857144011,4,73
vehG-1,1982,5.068328571430012,5,74
vehG-2,2056,5.005285714286003,5,75
vehG-3,2070,5.151900000000007,5,76
vehG-0,2082,5.012700000000008,5,77
vehG-1,2093,4.989300000000006,4,78
vehG-2,2178,5.133557142858003,5,79
vehG-3,2189,5.158757142858002,5,80
vehG-0,2205,4.760185714286007,4,81
vehG-1,2217,4.710900000000005,4,82
vehG-2,2238,5.1335571428580105,5,83
vehG-3,2249,5.239757142858011,5,84
vehG-0,2264,4.922185714286013,4,85
vehG-1,2326,5.0505857142860044,5,86
vehG-2,2338,5.140500000000006,5,87
vehG-3,2350,5.198100000000006,5,88
vehG-0,2363,4.214185714286007,4,89
vehG-1,2388,5.223985714286012,5,90
vehG-2,2402,4.700700000000018,4,91
vehG-3,2475,5.033957142858006,5,92
