id,tick,speed(float),speed(discrete),Tot v
vehG-0,177,4.514000000000001,4,1
vehG-1,188,5.0,5,2
vehG-2,201,5.0,5,3
vehG-3,213,4.676,4,4
vehG-4,226,4.595000000000001,4,5
vehG-5,238,5.0,5,6
vehG-6,252,4.0394000000000005,4,7
vehG-7,266,4.479200000000002,4,8
vehG-8,338,3.947000000000001,3,9
vehG-0,354,5.0,5,10
vehG-1,366,5.0,5,11
vehG-2,384,5.0,5,12
vehG-3,397,4.514000000000001,4,13
vehG-4,439,5.0,5,14
vehG-5,451,4.595000000000001,4,15
vehG-6,464,4.9190000000000005,4,16
vehG-7,478,5.0,5,17
vehG-8,490,5.0,5,18
vehG-0,506,4.004685714286001,4,19
vehG-1,562,5.0,5,20
vehG-2,574,4.676,4,21
vehG-3,586,4.514000000000001,4,22
vehG-4,599,5.0,5,23
vehG-5,612,4.352,4,24
vehG-6,630,5.0,5,25
vehG-7,641,5.0,5,26
vehG-8,653,4.9190000000000005,4,27
vehG-0,702,4.9190000000000005,4,28
vehG-1,715,4.9190000000000005,4,29
vehG-2,728,4.7570000000000014,4,30
vehG-3,739,5.0,5,31
vehG-4,754,5.0,5,32
vehG-5,769,5.0,5,33
vehG-6,784,5.0,5,34
vehG-7,797,4.676,4,35
vehG-8,850,4.676,4,36
vehG-0,866,5.0,5,37
vehG-1,880,4.676000000000002,4,38
vehG-2,893,4.271000000000001,4,39
vehG-3,911,4.9190000000000005,4,40
vehG-4,924,4.838000000000001,4,41
vehG-5,936,4.9190000000000005,4,42
vehG-6,947,4.0280000000000005,4,43
vehG-7,1001,4.595000000000002,4,44
vehG-8,1015,4.676,4,45
vehG-0,1030,5.0,5,46
vehG-1,1043,4.9190000000000005,4,47
vehG-2,1057,5.0,5,48
vehG-3,1069,5.0,5,49
vehG-4,1083,5.0,5,50
vehG-5,1095,4.676,4,51
vehG-6,1107,4.514000000000001,4,52
vehG-7,1168,5.0,5,53
vehG-8,1182,5.0,5,54
vehG-0,1195,4.595000000000001,4,55
vehG-1,1209,4.120400000000001,4,56
vehG-2,1223,3.7268000000000017,3,57
vehG-3,1238,4.085000000000002,4,58
vehG-4,1286,4.676,4,59
vehG-5,1302,4.433000000000002,4,60
vehG-6,1314,5.0,5,61
vehG-7,1332,5.0,5,62
vehG-8,1347,5.0,5,63
vehG-0,1404,5.0,5,64
vehG-1,1422,5.0,5,65
vehG-2,1434,4.838000000000001,4,66
vehG-3,1450,5.0,5,67
vehG-4,1462,4.9190000000000005,4,68
vehG-5,1475,4.190000000000001,4,69
vehG-6,1513,4.9190000000000005,4,70
vehG-7,1529,5.0,5,71
vehG-8,1545,5.0,5,72
vehG-0,1558,4.676000000000002,4,73
vehG-1,1570,4.271000000000001,4,74
vehG-2,1614,5.0,5,75
vehG-3,1631,5.0,5,76
vehG-4,1643,5.0,5,77
vehG-5,1654,4.838000000000001,4,78
vehG-6,1666,4.514000000000001,4,79
vehG-7,1681,3.9470000000000027,3,80
vehG-8,1695,4.155200000000001,4,81
vehG-0,1709,4.514000000000001,4,82
vehG-1,1764,4.595000000000001,4,83
vehG-2,1777,4.838000000000001,4,84
vehG-3,1788,5.0,5,85
vehG-4,1801,5.0,5,86
vehG-5,1813,4.352,4,87
vehG-6,1830,5.0,5,88
vehG-7,1844,4.120400000000001,4,89
vehG-8,1896,4.271000000000001,4,90
vehG-0,1908,5.0,5,91
vehG-1,1925,5.0,5,92
vehG-2,1936,5.0,5,93
vehG-3,1949,5.0,5,94
vehG-4,1961,5.0,5,95
vehG-5,2024,4.838000000000001,4,96
vehG-6,2040,4.9190000000000005,4,97
vehG-7,2055,5.0,5,98
vehG-8,2067,4.0280000000000005,4,99
vehG-0,2080,4.514000000000001,4,100
vehG-1,2098,4.322857142858013,4,101
vehG-2,2111,4.334085714286013,4,102
vehG-3,2124,4.663400000000005,4,103
vehG-4,2162,4.9190000000000005,4,104
vehG-5,2178,5.0,5,105
vehG-6,2191,5.0,5,106
vehG-7,2203,5.0,5,107
vehG-8,2215,4.838000000000001,4,108
vehG-0,2231,5.0,5,109
vehG-1,2245,4.514000000000001,4,110
vehG-2,2257,5.0,5,111
vehG-3,2317,5.0,5,112
vehG-4,2329,4.9190000000000005,4,113
vehG-5,2346,5.0,5,114
vehG-6,2359,5.0,5,115
vehG-7,2374,5.0,5,116
vehG-8,2385,5.0,5,117
vehG-0,2397,4.676,4,118
vehG-1,2412,4.409600000000002,4,119
vehG-2,2462,4.7570000000000014,4,120
vehG-3,2478,5.0,5,121
vehG-4,2492,5.0,5,122
vehG-5,2505,5.0,5,123
vehG-6,2516,5.0,5,124
vehG-7,2528,4.190000000000001,4,125
vehG-8,2579,5.0,5,126
vehG-0,2591,5.0,5,127
vehG-1,2609,5.0,5,128
vehG-2,2620,4.9190000000000005,4,129
vehG-3,2633,5.0,5,130
vehG-4,2649,5.0,5,131
vehG-5,2660,5.0,5,132
vehG-6,2673,5.0,5,133
vehG-7,2726,4.282400000000001,4,134
vehG-8,2739,4.271000000000001,4,135
vehG-0,2752,5.0,5,136
vehG-1,2764,4.676,4,137
vehG-2,2776,5.0,5,138
vehG-3,2829,5.0,5,139
vehG-4,2842,4.352000000000002,4,140
vehG-5,2855,5.0,5,141
vehG-6,2865,5.0,5,142
vehG-7,2881,5.0,5,143
vehG-8,2894,4.120400000000001,4,144
vehG-0,2906,4.641200000000001,4,145
vehG-1,2929,4.595000000000001,4,146
vehG-2,2975,5.0,5,147
vehG-3,2990,4.838000000000001,4,148
vehG-4,3002,5.0,5,149
vehG-5,3014,5.0,5,150
vehG-6,3026,4.514000000000001,4,151
vehG-7,3089,4.676,4,152
vehG-8,3103,5.0,5,153
vehG-0,3115,5.0,5,154
vehG-1,3130,5.0,5,155
vehG-2,3141,5.0,5,156
vehG-3,3155,5.0,5,157
vehG-4,3167,4.595000000000001,4,158
vehG-5,3225,4.9190000000000005,4,159
vehG-6,3239,5.0,5,160
vehG-7,3254,5.0,5,161
vehG-8,3265,4.9190000000000005,4,162
vehG-0,3277,4.838000000000001,4,163
vehG-1,3333,5.0,5,164
vehG-2,3353,4.9190000000000005,4,165
vehG-3,3365,4.190000000000001,4,166
vehG-4,3377,4.676,4,167
vehG-5,3391,4.676,4,168
vehG-6,3434,4.9190000000000005,4,169
vehG-7,3447,5.0,5,170
vehG-8,3460,4.595000000000001,4,171
vehG-0,3474,5.0,5,172
vehG-1,3487,4.676,4,173
vehG-2,3499,4.514000000000001,4,174
vehG-3,3564,5.0,5,175
vehG-4,3579,5.0,5,176
vehG-5,3592,4.074200000000001,4,177
vehG-6,3609,5.0,5,178
vehG-7,3620,4.676,4,179
vehG-8,3686,4.838000000000001,4,180
vehG-0,3699,4.803200000000002,4,181
vehG-1,3711,5.0,5,182
vehG-2,3724,5.0,5,183
vehG-3,3737,5.0,5,184
vehG-4,3750,4.595000000000001,4,185
vehG-5,3764,4.595000000000001,4,186
vehG-6,3780,4.050800000000001,4,187
vehG-7,3833,4.676,4,188
vehG-8,3847,5.0,5,189
vehG-0,3859,5.0,5,190
vehG-1,3871,5.0,5,191
vehG-2,3883,4.271000000000001,4,192
vehG-3,3939,5.0,5,193
vehG-4,3950,4.9190000000000005,4,194
vehG-5,3961,5.0,5,195
vehG-6,3976,5.0,5,196
vehG-7,3989,4.9190000000000005,4,197
vehG-8,4002,5.0,5,198
vehG-0,4016,4.676,4,199
vehG-1,4029,4.190000000000001,4,200
vehG-2,4087,4.676,4,201
vehG-3,4103,4.595000000000001,4,202
vehG-4,4116,4.595000000000001,4,203
vehG-5,4129,4.398200000000001,4,204
vehG-6,4142,4.398200000000001,4,205
vehG-7,4210,5.0,5,206
vehG-8,4222,5.0,5,207
vehG-0,4237,4.9190000000000005,4,208
vehG-1,4251,4.676,4,209
vehG-2,4266,5.0,5,210
vehG-3,4278,5.0,5,211
vehG-4,4317,4.352,4,212
vehG-5,4331,5.0,5,213
vehG-6,4346,5.0,5,214
vehG-7,4360,5.0,5,215
vehG-8,4372,5.0,5,216
vehG-0,4426,5.0,5,217
vehG-1,4445,5.0,5,218
vehG-2,4462,4.676,4,219
vehG-3,4488,4.676,4,220
vehG-4,4501,4.916700000000014,4,221
vehG-5,4534,4.9190000000000005,4,222
vehG-6,4552,5.0,5,223
vehG-7,4563,5.0,5,224
vehG-8,4579,5.0,5,225
vehG-0,4591,5.0,5,226
vehG-1,4602,4.676,4,227
vehG-2,4615,5.0,5,228
vehG-3,4682,5.0,5,229
vehG-4,4697,5.0,5,230
vehG-5,4711,5.0,5,231
vehG-6,4723,5.0,5,232
vehG-7,4736,5.0,5,233
vehG-8,4748,5.0,5,234
vehG-0,4794,4.595000000000001,4,235
vehG-1,4806,5.0,5,236
vehG-2,4827,4.398200000000003,4,237
vehG-3,4841,4.282400000000003,4,238
vehG-4,4858,4.838000000000001,4,239
vehG-5,4915,4.571600000000003,4,240
vehG-6,4927,5.0,5,241
vehG-7,4941,5.0,5,242
vehG-8,4955,5.0,5,243
vehG-0,4967,5.0,5,244
vehG-1,5019,5.0,5,245
vehG-2,5030,5.0,5,246
vehG-3,5047,5.0,5,247
vehG-4,5066,5.0,5,248
vehG-5,5077,5.0,5,249
vehG-6,5090,5.0,5,250
vehG-7,5103,4.9190000000000005,4,251
vehG-8,5116,4.838000000000001,4,252
vehG-0,5156,5.0,5,253
vehG-1,5170,5.0,5,254
vehG-2,5184,5.0,5,255
vehG-3,5198,4.9190000000000005,4,256
vehG-4,5210,5.0,5,257
vehG-5,5225,4.7570000000000014,4,258
vehG-6,5237,4.352,4,259
vehG-7,5302,4.676,4,260
vehG-8,5315,5.0,5,261
vehG-0,5326,5.0,5,262
vehG-1,5340,5.0,5,263
vehG-2,5354,5.0,5,264
vehG-3,5370,5.0,5,265
vehG-4,5410,4.676,4,266
vehG-5,5422,4.9190000000000005,4,267
vehG-6,5437,5.0,5,268
vehG-7,5450,5.0,5,269
vehG-8,5468,4.919000000000002,4,270
vehG-0,5483,4.745085714286003,4,271
vehG-1,5497,4.779885714286006,4,272
vehG-2,5553,5.0,5,273
vehG-3,5571,5.0,5,274
vehG-4,5586,5.0,5,275
vehG-5,5598,5.0,5,276
vehG-6,5610,5.0,5,277
vehG-7,5621,4.0280000000000005,4,278
vehG-8,5635,3.6344857142860008,3,279
vehG-0,5651,4.386200000000002,4,280
vehG-1,5690,5.0,5,281
vehG-2,5721,5.0,5,282
vehG-3,5733,5.0,5,283
vehG-4,5747,3.842685714286001,3,284
vehG-5,5761,4.0046000000000035,4,285
vehG-6,5820,4.9190000000000005,4,286
vehG-7,5839,5.0,5,287
vehG-8,5852,4.676,4,288
vehG-0,5865,5.0,5,289
vehG-1,5931,5.0,5,290
vehG-2,5945,5.0,5,291
vehG-3,5957,5.0,5,292
vehG-4,5970,5.0,5,293
vehG-5,5995,3.8660000000000014,3,294
vehG-6,6012,4.200800000000003,4,295
vehG-7,6024,4.3166000000060105,4,296
vehG-8,6036,4.766257142860014,4,297
vehG-0,6062,4.676,4,298
vehG-1,6077,4.155200000000001,4,299
vehG-2,6091,4.838000000000001,4,300
vehG-3,6103,5.0,5,301
vehG-4,6116,5.0,5,302
vehG-5,6211,4.595000000000001,4,303
vehG-6,6222,5.0,5,304
vehG-7,6236,4.676,4,305
vehG-8,6249,4.9190000000000005,4,306
vehG-0,6295,5.0,5,307
vehG-1,6310,5.0,5,308
vehG-2,6322,5.0,5,309
vehG-3,6336,4.676,4,310
vehG-4,6349,4.352000000000002,4,311
vehG-5,6362,5.0,5,312
vehG-6,6392,4.514000000000001,4,313
vehG-7,6404,5.0,5,314
vehG-8,6461,4.9190000000000005,4,315
vehG-0,6474,5.0,5,316
vehG-1,6489,5.0,5,317
vehG-2,6501,5.0,5,318
vehG-3,6514,4.9190000000000005,4,319
vehG-4,6530,4.433000000000002,4,320
vehG-5,6543,5.0,5,321
vehG-6,6554,4.352,4,322
vehG-7,6593,4.838000000000001,4,323
vehG-8,6604,4.9190000000000005,4,324
vehG-0,6618,4.271000000000001,4,325
vehG-1,6632,5.0,5,326
vehG-2,6649,4.675571428572002,4,327
vehG-3,6665,5.0,5,328
vehG-4,6676,4.676,4,329
vehG-5,6689,4.9190000000000005,4,330
vehG-6,6740,5.0,5,331
vehG-7,6758,5.0,5,332
vehG-8,6771,5.0,5,333
vehG-0,6784,4.676,4,334
vehG-1,6798,5.0,5,335
vehG-2,6810,4.514000000000001,4,336
vehG-3,6824,4.120400000000001,4,337
vehG-4,6838,3.680600000000001,3,338
vehG-5,6883,5.0,5,339
vehG-6,6900,4.9190000000000005,4,340
vehG-7,6913,5.0,5,341
vehG-8,6925,4.838000000000001,4,342
vehG-0,6938,4.676,4,343
vehG-1,6951,5.0,5,344
vehG-2,6966,5.0,5,345
vehG-3,6980,5.0,5,346
vehG-4,7041,4.676000000000002,4,347
vehG-5,7053,4.676,4,348
vehG-6,7080,5.0,5,349
vehG-7,7095,5.0,5,350
vehG-8,7108,5.0,5,351
vehG-0,7119,5.0,5,352
vehG-1,7131,5.0,5,353
vehG-2,7143,4.676,4,354
vehG-3,7190,4.676,4,355
vehG-4,7203,4.7570000000000014,4,356
vehG-5,7216,4.7570000000000014,4,357
vehG-6,7228,4.676,4,358
vehG-7,7240,4.676,4,359
vehG-8,7256,5.0,5,360
vehG-0,7269,5.0,5,361
vehG-1,7330,5.0,5,362
vehG-2,7344,4.606400000000002,4,363
vehG-3,7356,5.0,5,364
vehG-4,7369,4.676,4,365
vehG-5,7384,4.676,4,366
vehG-6,7396,5.0,5,367
vehG-7,7447,5.0,5,368
vehG-8,7460,4.838000000000001,4,369
vehG-0,7479,5.0,5,370
vehG-1,7494,5.0,5,371
vehG-2,7507,5.0,5,372
vehG-3,7565,5.0,5,373
vehG-4,7581,5.0,5,374
vehG-5,7594,4.9190000000000005,4,375
vehG-6,7606,5.0,5,376
vehG-7,7617,5.0,5,377
vehG-8,7669,5.0,5,378
vehG-0,7683,4.028000000000004,4,379
vehG-1,7694,5.0,5,380
vehG-2,7707,5.0,5,381
vehG-3,7721,4.595000000000001,4,382
vehG-4,7741,3.7842285714300017,3,383
vehG-5,7776,5.0,5,384
vehG-6,7791,5.0,5,385
vehG-7,7804,5.0,5,386
vehG-8,7815,5.0,5,387
vehG-0,7827,4.838000000000001,4,388
vehG-1,7839,4.190000000000001,4,389
vehG-2,7854,4.131885714286003,4,390
vehG-3,7869,5.0,5,391
vehG-4,7930,4.9190000000000005,4,392
vehG-5,7943,5.0,5,393
vehG-6,7957,5.0,5,394
vehG-7,7971,3.947000000000001,3,395
vehG-8,7984,4.271000000000001,4,396
vehG-0,7998,4.3172000000000015,4,397
vehG-1,8038,4.9190000000000005,4,398
vehG-2,8052,5.0,5,399
vehG-3,8065,4.676,4,400
vehG-4,8082,5.0,5,401
vehG-5,8095,4.9190000000000005,4,402
vehG-6,8109,5.0,5,403
vehG-7,8126,5.0,5,404
vehG-8,8137,4.352,4,405
vehG-0,8193,5.0,5,406
vehG-1,8206,4.676000000000002,4,407
vehG-2,8218,5.0,5,408
vehG-3,8235,4.9190000000000005,4,409
vehG-4,8247,4.676,4,410
vehG-5,8261,5.0,5,411
vehG-6,8317,4.9190000000000005,4,412
vehG-7,8329,5.0,5,413
vehG-8,8342,5.0,5,414
vehG-0,8355,4.398200000000001,4,415
vehG-1,8373,5.0,5,416
vehG-2,8391,4.676,4,417
vehG-3,8408,4.9190000000000005,4,418
vehG-4,8421,5.0,5,419
vehG-5,8457,5.0,5,420
vehG-6,8470,5.0,5,421
vehG-7,8488,4.9190000000000005,4,422
vehG-8,8500,5.0,5,423
vehG-0,8513,5.0,5,424
vehG-1,8528,4.676,4,425
vehG-2,8544,4.7570000000000014,4,426
vehG-3,8556,5.0,5,427
vehG-4,8618,5.0,5,428
vehG-5,8632,5.0,5,429
vehG-6,8645,4.676,4,430
vehG-7,8659,4.676,4,431
vehG-8,8672,4.676,4,432
vehG-0,8683,5.0,5,433
vehG-1,8720,5.0,5,434
vehG-2,8733,5.0,5,435
vehG-3,8748,5.0,5,436
vehG-4,8762,5.0,5,437
vehG-5,8775,5.0,5,438
vehG-6,8832,4.676,4,439
vehG-7,8846,4.595000000000001,4,440
vehG-8,8864,4.9190000000000005,4,441
vehG-0,8879,4.9190000000000005,4,442
vehG-1,8890,4.676,4,443
vehG-2,8903,5.0,5,444
vehG-3,8947,4.687400000000004,4,445
vehG-4,8959,5.0,5,446
vehG-5,8974,3.8774000000000033,3,447
vehG-6,8989,4.097000000000001,4,448
vehG-7,9004,4.200800000000003,4,449
vehG-8,9058,4.201400000000002,4,450
vehG-0,9072,4.085600000000002,4,451
vehG-1,9091,5.0,5,452
vehG-2,9105,4.559171428572004,4,453
vehG-3,9119,5.0,5,454
vehG-4,9131,4.352,4,455
vehG-5,9143,4.9190000000000005,4,456
vehG-6,9156,5.0,5,457
vehG-7,9197,4.595000000000001,4,458
vehG-8,9211,4.919000000000002,4,459
vehG-0,9226,5.0,5,460
vehG-1,9239,5.0,5,461
vehG-2,9250,4.9190000000000005,4,462
vehG-3,9300,5.0,5,463
vehG-4,9313,4.9190000000000005,4,464
vehG-5,9327,5.0,5,465
vehG-6,9341,4.595000000000001,4,466
vehG-7,9354,5.0,5,467
vehG-8,9367,5.0,5,468
vehG-0,9433,5.0,5,469
vehG-1,9448,5.0,5,470
vehG-2,9463,5.0,5,471
vehG-3,9476,5.0,5,472
vehG-4,9492,5.0,5,473
vehG-5,9520,5.0,5,474
vehG-6,9540,4.595000000000001,4,475
vehG-7,9551,5.0,5,476
vehG-8,9565,5.0,5,477
vehG-0,9578,5.0,5,478
vehG-1,9591,5.0,5,479
vehG-2,9602,5.0,5,480
vehG-3,9616,4.9190000000000005,4,481
vehG-4,9686,4.595000000000001,4,482
vehG-5,9700,4.9190000000000005,4,483
vehG-6,9712,5.0,5,484
vehG-7,9723,4.676,4,485
vehG-8,9737,4.930400000000002,4,486
vehG-0,9750,5.0,5,487
vehG-1,9791,5.0,5,488
vehG-2,9804,5.0,5,489
vehG-3,9820,5.0,5,490
vehG-4,9831,5.0,5,491
vehG-5,9848,5.0,5,492
vehG-6,9918,4.838000000000001,4,493
vehG-7,9940,5.0,5,494
vehG-8,9953,4.976600000000002,4,495
vehG-0,9968,4.0280000000000005,4,496
vehG-1,9981,4.838000000000001,4,497
vehG-2,9994,4.52190000000001,4,498
vehG-3,10006,4.02834285714801,4,499
vehG-4,10016,3.788942857144014,3,500
vehG-5,10048,5.0,5,501
vehG-6,10064,5.0,5,502
vehG-7,10077,4.676,4,503
vehG-8,10091,4.595000000000001,4,504
vehG-0,10160,4.676,4,505
vehG-1,10184,4.838000000000001,4,506
vehG-2,10197,5.0,5,507
vehG-3,10210,5.0,5,508
vehG-4,10222,5.0,5,509
vehG-5,10235,5.0,5,510
vehG-6,10247,5.0,5,511
vehG-7,10262,5.0,5,512
vehG-8,10276,4.1557142857160105,4,513
vehG-0,10322,5.0,5,514
vehG-1,10335,4.433000000000002,4,515
vehG-2,10349,4.120400000000001,4,516
vehG-3,10362,4.676000000000002,4,517
vehG-4,10382,4.082942857144002,4,518
vehG-5,10430,4.9190000000000005,4,519
vehG-6,10448,5.0,5,520
vehG-7,10462,4.247685714286002,4,521
vehG-8,10477,4.676,4,522
vehG-0,10489,5.0,5,523
vehG-1,10501,4.595000000000001,4,524
vehG-2,10513,5.0,5,525
vehG-3,10530,4.3863714285720015,4,526
vehG-4,10581,4.028000000000002,4,527
vehG-5,10595,4.676,4,528
vehG-6,10610,4.178000000000003,4,529
vehG-7,10623,4.791200000000003,4,530
vehG-8,10634,5.0,5,531
vehG-0,10646,5.0,5,532
vehG-1,10659,5.0,5,533
vehG-2,10674,5.0,5,534
vehG-3,10718,5.0,5,535
vehG-4,10732,5.0,5,536
vehG-5,10746,4.9190000000000005,4,537
vehG-6,10758,5.0,5,538
vehG-7,10784,3.483200000002005,3,539
vehG-8,10796,4.050200000000002,4,540
vehG-0,10811,4.119200000000003,4,541
vehG-1,10858,5.0,5,542
vehG-2,10871,4.676,4,543
vehG-3,10884,4.271000000000001,4,544
vehG-4,10896,5.0,5,545
vehG-5,10909,5.0,5,546
vehG-6,10922,4.352,4,547
vehG-7,10936,4.930400000000003,4,548
vehG-8,10949,4.9190000000000005,4,549
vehG-0,11000,5.0,5,550
vehG-1,11012,5.0,5,551
vehG-2,11037,5.0,5,552
vehG-3,11052,4.676,4,553
vehG-4,11063,4.9190000000000005,4,554
vehG-5,11108,5.0,5,555
vehG-6,11122,5.0,5,556
vehG-7,11135,5.0,5,557
vehG-8,11152,4.432142857144003,4,558
vehG-0,11167,5.0,5,559
vehG-1,11179,5.0,5,560
vehG-2,11223,5.0,5,561
vehG-3,11235,4.352,4,562
vehG-4,11247,4.676,4,563
vehG-5,11259,4.676,4,564
vehG-6,11277,5.0,5,565
vehG-7,11290,5.0,5,566
vehG-8,11340,4.9190000000000005,4,567
vehG-0,11353,5.0,5,568
vehG-1,11369,5.0,5,569
vehG-2,11382,5.0,5,570
vehG-3,11394,5.0,5,571
vehG-4,11406,5.0,5,572
vehG-5,11455,4.271000000000001,4,573
vehG-6,11476,5.0,5,574
vehG-7,11490,4.190000000000003,4,575
vehG-8,11503,5.0,5,576
vehG-0,11515,5.0,5,577
vehG-1,11528,5.0,5,578
vehG-2,11541,4.352,4,579
vehG-3,11592,5.0,5,580
vehG-4,11608,4.676,4,581
vehG-5,11620,5.0,5,582
vehG-6,11632,5.0,5,583
vehG-7,11643,5.0,5,584
vehG-8,11655,4.9190000000000005,4,585
vehG-0,11670,5.0,5,586
vehG-1,11682,5.0,5,587
vehG-2,11743,5.0,5,588
vehG-3,11762,5.0,5,589
vehG-4,11774,4.352,4,590
vehG-5,11786,4.9190000000000005,4,591
vehG-6,11802,4.9190000000000005,4,592
vehG-7,11813,4.676,4,593
vehG-8,11825,5.0,5,594
vehG-0,11836,5.0,5,595
vehG-1,11876,4.7570000000000014,4,596
vehG-2,11896,5.0,5,597
vehG-3,11908,4.676,4,598
vehG-4,11920,4.676,4,599
vehG-5,11934,4.120400000000002,4,600
vehG-6,11946,5.0,5,601
vehG-7,11962,5.0,5,602
vehG-8,12041,5.0,5,603
vehG-0,12053,5.0,5,604
vehG-1,12065,5.0,5,605
vehG-2,12082,4.595000000000001,4,606
vehG-3,12094,5.0,5,607
vehG-4,12148,4.352,4,608
vehG-5,12161,5.0,5,609
vehG-6,12172,5.0,5,610
vehG-7,12185,5.0,5,611
vehG-8,12199,4.9190000000000005,4,612
vehG-0,12251,5.0,5,613
vehG-1,12264,4.004600000000001,4,614
vehG-2,12279,3.935000000000003,3,615
vehG-3,12295,4.166000000000003,4,616
vehG-4,12315,5.0,5,617
vehG-5,12328,4.084400000000005,4,618
vehG-6,12340,4.520600000000019,4,619
vehG-7,12353,4.755800000000005,4,620
vehG-8,12413,5.0,5,621
vehG-0,12428,5.0,5,622
vehG-1,12443,5.0,5,623
vehG-2,12466,5.0,5,624
vehG-3,12479,5.0,5,625
vehG-4,12492,4.433000000000002,4,626
vehG-5,12527,4.9190000000000005,4,627
vehG-6,12546,5.0,5,628
vehG-7,12558,5.0,5,629
vehG-8,12573,4.676,4,630
vehG-0,12587,5.0,5,631
vehG-1,12643,5.0,5,632
vehG-2,12656,5.0,5,633
vehG-3,12668,4.9190000000000005,4,634
vehG-4,12689,4.0280000000000005,4,635
vehG-5,12704,4.455200000000005,4,636
vehG-6,12716,5.0,5,637
vehG-7,12727,4.676,4,638
vehG-8,12742,5.0,5,639
vehG-0,12770,5.0,5,640
vehG-1,12783,5.0,5,641
vehG-2,12799,4.109000000000002,4,642
vehG-3,12813,4.120400000000001,4,643
vehG-4,12826,5.0,5,644
vehG-5,12839,5.0,5,645
vehG-6,12855,4.676,4,646
vehG-7,12921,4.7570000000000014,4,647
vehG-8,12932,5.0,5,648
vehG-0,12950,5.0,5,649
vehG-1,12971,5.0,5,650
vehG-2,12985,4.676,4,651
vehG-3,12997,5.0,5,652
vehG-4,13057,5.0,5,653
vehG-5,13073,5.0,5,654
vehG-6,13085,5.0,5,655
vehG-7,13125,4.9190000000000005,4,656
vehG-8,13142,5.0,5,657
vehG-0,13159,4.676000000000002,4,658
vehG-1,13170,5.0,5,659
vehG-2,13185,5.0,5,660
vehG-3,13244,5.0,5,661
vehG-4,13258,5.0,5,662
vehG-5,13269,5.0,5,663
vehG-6,13282,5.0,5,664
vehG-7,13295,4.9190000000000005,4,665
