id,tick,speed(float),speed(discrete),Tot v
vehG-0,133,5.0129571428580055,5,1
vehG-1,144,4.977900000000007,4,2
vehG-2,155,3.489814285718009,3,3
vehG-3,236,5.223985714286004,5,4
vehG-0,249,5.2283571428580045,5,5
vehG-1,273,5.015700000000004,5,6
vehG-2,285,4.376700000000007,4,7
vehG-3,371,5.116285714286005,5,8
vehG-0,393,5.074800000000003,5,9
vehG-1,432,5.163557142858005,5,10
vehG-2,523,4.411585714286006,4,11
vehG-3,536,4.920300000000007,4,12
vehG-0,631,4.893942857144006,4,13
vehG-1,644,4.033885714286008,4,14
vehG-2,721,5.078100000000006,5,15
vehG-3,748,4.654585714286005,4,16
vehG-0,760,5.117100000000004,5,17
vehG-1,844,4.261071428572006,4,18
vehG-2,856,4.482985714286006,4,19
vehG-3,882,5.100171428572005,5,20
vehG-0,980,5.013471428572004,5,21
vehG-1,1025,5.077200000000004,5,22
vehG-2,1049,5.082900000000006,5,23
vehG-3,1142,5.036700000000005,5,24
vehG-0,1154,5.013385714286006,5,25
vehG-1,1169,4.8621857142860065,4,26
vehG-2,1262,5.233071428572005,5,27
vehG-3,1275,5.135357142858003,5,28
vehG-0,1319,5.088685714286004,5,29
vehG-1,1409,5.069100000000004,5,30
vehG-2,1430,5.174528571430008,5,31
vehG-3,1524,4.095728571432003,4,32
vehG-0,1545,4.874700000000004,4,33
vehG-1,1645,5.034300000000002,5,34
vehG-2,1688,5.186871428572005,5,35
vehG-3,1780,3.881014285716004,3,36
vehG-0,1792,5.117700000000005,5,37
vehG-1,1834,4.978157142860003,4,38
vehG-2,1846,5.1864428571460035,5,39
vehG-3,1858,4.793100000002013,4,40
vehG-0,1912,4.828071428572007,4,41
vehG-1,1923,5.209500000000007,5,42
vehG-2,1935,5.14157142857601,5,43
vehG-3,1947,5.077500000004024,5,44
vehG-0,2049,5.061557142858005,5,45
vehG-1,2152,5.031557142858006,5,46
vehG-2,2183,4.834028571430004,4,47
vehG-3,2265,5.178771428572002,5,48
vehG-0,2295,4.712700000000003,4,49
vehG-1,2307,5.094385714286004,5,50
vehG-2,2341,5.109000000000004,5,51
vehG-3,2356,5.20002857143201,5,52
vehG-0,2439,5.005285714286003,5,53
vehG-1,2517,5.117700000000005,5,54
vehG-2,2528,5.200585714286005,5,55
vehG-3,2556,5.196300000000005,5,56
vehG-0,2658,5.029585714286005,5,57
