
vehG-0,328,2.0655,2,1
vehG-1,343,3.4539,3,2
vehG-2,355,3.4816714285719996,3,3
vehG-3,370,3.9973285714299998,3,4
vehG-4,382,3.7979571428580012,3,5
vehG-5,395,3.089614285716001,3,6
vehG-6,412,1.6965000000020012,1,7
vehG-7,442,3.021299999999999,3,8
vehG-8,456,3.576385714286,3,9
vehG-9,468,3.4662857142859997,3,10
vehG-10,485,3.957728571430001,3,11
vehG-11,495,4.143042857144001,4,12
vehG-12,509,2.4028714285739996,2,13
vehG-13,534,2.078700000002,2,14
vehG-14,569,3.3104999999999998,3,15
vehG-15,583,3.1829571428579997,3,16
vehG-16,597,2.9097000000019997,2,17
vehG-17,611,2.898642857145998,2,18
vehG-18,626,2.7434142857179977,2,19
vehG-19,687,2.2275,2,20
vehG-20,701,3.1599857142859995,3,21
vehG-21,714,4.106185714286,4,22
vehG-22,726,2.963100000001999,2,23
vehG-23,741,2.393700000002,2,24
vehG-0,754,2.6920714285739993,2,25
vehG-1,768,3.006385714288,3,26
vehG-2,824,2.6487,2,27
vehG-3,837,3.0513857142859995,3,28
vehG-4,867,1.5795,1,29
vehG-5,883,2.9679857142859998,2,30
vehG-6,896,3.106842857143999,3,31
vehG-7,910,3.1597285714299996,3,32
vehG-8,925,3.042600000002,3,33
vehG-9,970,2.4543,2,34
vehG-10,983,3.2595857142859996,3,35
vehG-11,998,3.541671428572,3,36
vehG-12,1010,3.356700000001999,3,37
vehG-13,1022,3.0993857142879992,3,38
vehG-14,1033,3.7423285714300007,3,39
vehG-15,1047,3.5824714285740007,3,40
vehG-16,1059,2.9330571428600014,2,41
vehG-17,1074,3.274500000002001,3,42
vehG-18,1121,1.0935,1,43
vehG-19,1139,3.0374999999999996,3,44
vehG-20,1152,4.0785,4,45
vehG-21,1163,3.1991571428579997,3,46
vehG-22,1177,2.523300000002,2,47
vehG-23,1225,1.7009999999999998,1,48
vehG-0,1238,3.259671428571999,3,49
vehG-1,1252,1.8294428571439993,1,50
vehG-2,1316,1.0935,1,51
vehG-3,1333,3.2318999999999996,3,52
vehG-4,1346,3.2734714285719995,3,53
vehG-5,1361,3.229328571429999,3,54
vehG-6,1375,2.986242857144,2,55
vehG-7,1389,2.3428714285739995,2,56
vehG-8,1441,2.8511999999999995,2,57
vehG-9,1455,3.906085714286,3,58
vehG-10,1467,3.7683857142860004,3,59
vehG-11,1482,3.580757142858,3,60
vehG-12,1495,4.05972857143,4,61
vehG-13,1509,2.743885714288,2,62
vehG-14,1554,2.3571,2,63
vehG-15,1568,3.1948714285719992,3,64
vehG-16,1581,3.1208142857159986,3,65
vehG-17,1595,2.9793000000019996,2,66
vehG-18,1608,3.2718857142879987,3,67
vehG-19,1681,2.1464999999999996,2,68
vehG-20,1696,3.035185714285999,3,69
vehG-21,1710,2.8847571428579992,2,70
vehG-22,1725,3.456128571429999,3,71
vehG-23,1738,3.5575285714300002,3,72
vehG-0,1752,2.521714285716001,2,73
vehG-1,1788,2.0655,2,74
vehG-2,1803,3.5591999999999997,3,75
vehG-3,1816,3.3148714285720002,3,76
vehG-4,1828,4.036842857143999,4,77
vehG-5,1841,3.02532857143,3,78
vehG-6,1855,2.999871428574,3,79
vehG-7,1872,2.0066142857180007,2,80
vehG-8,1911,2.9541857142859995,2,81
vehG-9,1926,3.028071428572,3,82
vehG-10,1939,4.1314714285720004,4,83
vehG-11,1953,3.15732857143,3,84
vehG-12,1969,1.7318142857160004,1,85
vehG-13,2022,3.021299999999999,3,86
vehG-14,2035,3.4539,3,87
vehG-15,2049,3.7035,3,88
vehG-16,2062,3.805071428572001,3,89
vehG-17,2077,3.2252571428600003,3,90
vehG-18,2091,3.290228571431999,3,91
vehG-19,2139,2.3571,2,92
vehG-20,2153,2.9402999999999997,2,93
vehG-21,2169,3.747471428572,3,94
vehG-22,2184,3.67332857143,3,95
vehG-23,2196,3.2335285714300004,3,96
vehG-0,2210,1.1715857142880006,1,97
vehG-1,2246,3.2318999999999996,3,98
vehG-2,2261,4.0623,4,99
vehG-3,2274,3.5992714285720004,3,100
vehG-4,2288,2.9397000000020004,2,101
vehG-5,2303,3.2174142857160004,3,102
vehG-6,2375,2.1464999999999996,2,103
vehG-7,2390,3.0732857142859995,3,104
vehG-8,2406,1.7264571428579993,1,105
vehG-9,2473,2.7296999999999993,2,106
vehG-10,2488,3.576385714286,3,107
vehG-11,2503,4.006671428572,4,108
vehG-12,2514,3.208157142858001,3,109
vehG-13,2527,2.976814285716,2,110
vehG-14,2591,2.6487,2,111
vehG-15,2606,3.4515857142859994,3,112
vehG-16,2619,3.7545,3,113
vehG-17,2631,3.740442857144,3,114
vehG-18,2643,3.587442857144001,3,115
vehG-19,2677,1.5795,1,116
vehG-20,2692,2.7597857142859996,2,117
vehG-21,2708,3.7060714285719993,3,118
vehG-22,2721,3.27312857143,3,119
vehG-23,2772,2.3571,2,120
vehG-0,2786,2.7597857142859996,2,121
vehG-1,2798,3.315128571429999,3,122
vehG-2,2814,3.837642857144,3,123
vehG-3,2830,3.5596714285740005,3,124
vehG-4,2888,1.0935,1,125
vehG-5,2907,1.7496,1,126
vehG-6,2919,2.7921857142859996,2,127
vehG-7,2933,2.880200000006005,2,128
vehG-8,3008,1.0935,1,129
vehG-9,3028,3.2457857142859994,3,130
vehG-10,3045,3.908485714286,3,131
vehG-11,3056,3.2641285714299992,3,132
vehG-12,3069,3.0069000000019996,3,133
vehG-13,3081,3.782271428573999,3,134
vehG-14,3093,3.9751714285800053,3,135
vehG-15,3106,3.042042857150005,3,136
vehG-16,3181,1.0935,1,137
vehG-17,3197,3.6458999999999997,3,138
vehG-18,3211,3.072942857144,3,139
vehG-19,3225,3.7750714285720006,3,140
vehG-20,3238,3.1387285714299997,3,141
vehG-21,3289,1.5795,1,142
vehG-22,3308,3.3104999999999998,3,143
vehG-23,3321,4.1838,4,144
vehG-0,3336,4.168585714286,4,145
vehG-1,3346,3.4395857142860007,3,146
vehG-2,3361,2.9939142857160004,2,147
vehG-3,3404,2.4380999999999995,2,148
vehG-4,3419,3.4110857142859996,3,149
vehG-5,3431,3.8148428571439994,3,150
vehG-6,3445,3.905914285716,3,151
vehG-7,3456,3.707871428572001,3,152
vehG-8,3471,3.365185714288,3,153
vehG-9,3483,2.3373857142880023,2,154
vehG-10,3549,2.2275,2,155
vehG-11,3564,3.6458999999999997,3,156
vehG-12,3577,3.8598,3,157
vehG-13,3590,4.1477571428580005,4,158
vehG-14,3603,3.6221571428580006,3,159
vehG-15,3616,4.045742857146,4,160
vehG-16,3691,3.7154857142860016,3,161
vehG-17,3713,3.0348285714300007,3,162
vehG-18,3821,2.0492999999999997,2,163
vehG-19,3840,2.6972999999999994,2,164
vehG-20,3882,2.743585714285999,2,165
vehG-21,3896,2.9541857142859995,2,166
vehG-22,3910,3.8307857142860002,3,167
vehG-23,3923,3.5371285714299994,3,168
vehG-0,3936,3.8536714285739997,3,169
vehG-1,3948,3.887142857146,3,170
vehG-2,3961,3.078471428574,3,171
vehG-3,3974,3.1941857142899988,3,172
vehG-4,3989,2.722157142861999,2,173
vehG-5,4051,2.3571,2,174
vehG-6,4066,2.3571,2,175
vehG-7,4083,2.769042857143999,2,176
vehG-8,4099,3.074100000002,3,177
vehG-9,4142,1.0935,1,178
vehG-10,4157,2.5653857142859997,2,179
vehG-11,4174,3.379671428572,3,180
vehG-12,4189,3.5346428571439996,3,181
vehG-13,4208,3.519771428580008,3,182
vehG-14,4222,2.4788142857240074,2,183
vehG-15,4295,3.0374999999999996,3,184
vehG-16,4310,3.1738714285719993,3,185
vehG-17,4325,2.704242857143999,2,186
vehG-18,4339,3.042128571429999,3,187
vehG-19,4357,1.5351000000019999,1,188
vehG-20,4370,2.7874714285739985,2,189
vehG-21,4385,2.5144714285739984,2,190
vehG-22,4400,3.2632571428600032,3,191
vehG-23,4478,2.2599,2,192
vehG-0,4491,3.2595857142859996,3,193
vehG-1,4505,2.801442857143999,2,194
vehG-2,4518,3.634414285715999,3,195
vehG-3,4531,3.2487428571440002,3,196
vehG-4,4594,1.0935,1,197
vehG-5,4613,2.8916999999999993,2,198
vehG-6,4627,3.1715571428579996,3,199
vehG-7,4667,1.2959999999999998,1,200
vehG-8,4683,3.3509999999999995,3,201
vehG-9,4695,3.9951857142860003,3,202
vehG-10,4708,4.168585714286,4,203
vehG-11,4722,3.684642857144001,3,204
vehG-12,4735,3.8930142857160006,3,205
vehG-13,4747,4.121614285716001,4,206
vehG-14,4761,3.008785714288001,3,207
vehG-15,4831,1.3364999999999996,1,208
vehG-16,4846,2.9726999999999997,2,209
vehG-17,4858,3.176357142857999,3,210
vehG-18,4871,3.328928571429999,3,211
vehG-19,4883,3.6962142857160005,3,212
vehG-20,4895,3.5133000000020007,3,213
vehG-21,4908,2.4814714285739994,2,214
vehG-22,4923,2.2299428571460007,2,215
vehG-23,4982,1.5957000000000001,1,216
vehG-0,4998,3.704999999999999,3,217
vehG-1,5009,2.7459000000019986,2,218
vehG-2,5022,2.8357285714299993,2,219
vehG-3,5038,2.978871428574,2,220
vehG-4,5096,1.6604999999999996,1,221
vehG-5,5110,1.9960714285719996,1,222
vehG-6,5171,3.2294999999999994,3,223
vehG-7,5184,3.2734714285719995,3,224
vehG-8,5198,3.113357142858,3,225
vehG-9,5211,4.106014285716,4,226
vehG-10,5224,3.8235000000020003,3,227
vehG-11,5237,4.147328571432,4,228
vehG-12,5248,3.4967571428600013,3,229
vehG-13,5263,3.2282142857180007,3,230
vehG-14,5277,2.7522857142900015,2,231
vehG-15,5291,2.1924285714340046,2,232
vehG-16,5371,2.9402999999999997,2,233
vehG-17,5386,2.7736714285719994,2,234
vehG-18,5399,3.5588571428580003,3,235
vehG-19,5413,2.8496142857159996,2,236
vehG-20,5428,2.8703571428599997,2,237
vehG-21,5473,2.8511999999999995,2,238
vehG-22,5488,3.386785714286,3,239
vehG-23,5502,3.3507428571439997,3,240
vehG-0,5514,3.712757142858,3,241
vehG-1,5527,3.210385714288,3,242
vehG-2,5541,2.913814285716002,2,243
vehG-3,5555,3.217242857146,3,244
vehG-4,5571,2.037300000003999,2,245
vehG-5,5611,2.4543,2,246
vehG-6,5625,3.0513857142859995,3,247
vehG-7,5638,2.1210428571439994,2,248
vehG-8,5651,3.106928571429999,3,249
vehG-9,5666,3.170314285715999,3,250
vehG-10,5681,2.420742857145998,2,251
vehG-11,5697,3.0348428571459984,3,252
vehG-12,5727,2.1464999999999996,2,253
vehG-13,5743,3.4005857142859997,3,254
vehG-14,5756,4.1547,4,255
vehG-15,5770,4.151057142858001,4,256
vehG-16,5781,3.2912142857160007,3,257
vehG-17,5794,3.016800000002001,3,258
vehG-18,5810,3.131100000002001,3,259
vehG-19,5826,1.9475142857180006,1,260
vehG-20,5875,3.1427999999999994,3,261
vehG-21,5889,3.2734714285719995,3,262
vehG-22,5903,3.8957571428579993,3,263
vehG-23,5917,3.2013000000019995,3,264
vehG-0,5929,2.9073857142879995,2,265
vehG-1,5942,2.9974714285739994,2,266
vehG-2,5993,1.5795,1,267
vehG-3,6010,2.5839,2,268
vehG-4,6023,2.7736714285719994,2,269
vehG-5,6036,3.911957142858,3,270
vehG-6,6046,4.077171428572,4,271
vehG-7,6059,3.1803000000019996,3,272
vehG-8,6073,3.186900000002001,3,273
vehG-9,6089,1.034614285716001,1,274
vehG-10,6135,2.8430999999999997,2,275
vehG-11,6150,3.465471428571999,3,276
vehG-12,6165,3.425785714286,3,277
vehG-13,6177,3.430157142858001,3,278
vehG-14,6213,1.0935,1,279
vehG-15,6229,3.2537999999999996,3,280
vehG-16,6243,3.416785714286,3,281
vehG-17,6255,3.4399285714299994,3,282
vehG-18,6266,3.2474142857159998,3,283
vehG-19,6283,3.8051571428599997,3,284
vehG-20,6296,2.379642857146,2,285
vehG-21,6311,1.707428571431999,1,286
vehG-22,6362,2.7863999999999995,2,287
vehG-23,6376,3.5878714285720004,3,288
vehG-0,6389,4.1314714285720004,4,289
vehG-1,6403,3.1574142857159995,3,290
vehG-2,6418,4.1197285714300005,4,291
vehG-3,6432,3.099214285716,3,292
vehG-4,6447,2.2221857142880004,2,293
vehG-5,6500,3.021299999999999,3,294
vehG-6,6512,3.4376999999999995,3,295
vehG-7,6525,3.822685714286,3,296
vehG-8,6537,3.4351285714299995,3,297
vehG-9,6551,3.1206428571459983,3,298
vehG-10,6566,3.1227000000039986,3,299
vehG-11,6582,3.029785714289999,3,300
vehG-12,6594,3.1779000000039987,3,301
vehG-13,6608,2.858357142861999,2,302
vehG-14,6659,2.3571,2,303
vehG-15,6674,2.7459,2,304
vehG-16,6689,3.830871428572,3,305
vehG-17,6704,4.061957142858001,4,306
vehG-18,6718,4.07832857143,4,307
vehG-19,6730,3.476700000002,3,308
vehG-20,6743,3.6566142857160013,3,309
vehG-21,6755,3.8554714285740013,3,310
vehG-22,6766,4.1779714285740015,4,311
vehG-23,6778,3.2861571428600005,3,312
vehG-0,6793,3.156128571432002,3,313
vehG-1,6806,3.0733285714339997,3,314
vehG-2,6821,3.0429857142919996,3,315
vehG-3,6868,2.6487,2,316
vehG-4,6881,2.8708714285719994,2,317
vehG-5,6897,3.479357142857999,3,318
vehG-6,6910,3.090385714287999,3,319
vehG-7,6923,3.925500000002,3,320
vehG-8,6934,3.7773000000020005,3,321
vehG-9,6947,3.103871428578002,3,322
vehG-10,6962,2.997385714296002,2,323
vehG-11,7029,2.2599,2,324
vehG-12,7043,3.467785714286,3,325
vehG-13,7057,3.919971428572,3,326
vehG-14,7071,3.3354428571440002,3,327
vehG-15,7085,3.6823285714300003,3,328
vehG-16,7099,2.4975000000020002,2,329
vehG-17,7132,2.3571,2,330
vehG-18,7148,3.0629571428579987,3,331
vehG-19,7161,4.085185714286,4,332
vehG-20,7173,4.191471428572001,4,333
vehG-21,7187,3.6450428571440012,3,334
vehG-22,7200,3.667928571430002,3,335
vehG-23,7216,3.602957142860001,3,336
vehG-0,7227,3.7971000000020023,3,337
vehG-1,7240,2.7954428571460013,2,338
vehG-2,7286,2.9402999999999997,2,339
vehG-3,7298,4.0647,4,340
vehG-4,7309,4.203385714286,4,341
vehG-5,7324,3.4118142857160003,3,342
vehG-6,7336,3.712414285716001,3,343
vehG-7,7349,3.1197857142880014,3,344
vehG-8,7364,4.119471428574001,4,345
vehG-9,7376,3.2888142857179994,3,346
vehG-10,7430,2.5595999999999997,2,347
vehG-11,7443,3.4539,3,348
vehG-12,7458,3.711771428572,3,349
vehG-13,7470,3.4662857142859997,3,350
vehG-14,7485,4.140471428572001,4,351
vehG-15,7497,3.716957142858001,3,352
vehG-16,7513,2.5043571428600004,2,353
vehG-17,7555,2.7296999999999993,2,354
vehG-18,7568,3.229585714285999,3,355
vehG-19,7580,4.200985714286,4,356
vehG-20,7595,3.1342714285739994,3,357
vehG-21,7609,2.759271428574,2,358
vehG-22,7623,3.1176428571459995,3,359
vehG-23,7637,2.108442857146001,2,360
vehG-0,7695,2.2923,2,361
vehG-1,7707,2.0099571428579996,2,362
vehG-2,7720,3.7359857142860005,3,363
vehG-3,7734,3.1345285714299993,3,364
vehG-4,7747,2.995842857145998,2,365
vehG-5,7800,2.4380999999999995,2,366
vehG-6,7814,3.176185714286,3,367
vehG-7,7829,3.493242857143999,3,368
vehG-8,7841,3.2487428571440002,3,369
vehG-9,7854,3.282300000002,3,370
vehG-10,7869,2.443285714288,2,371
vehG-11,7925,1.2959999999999998,1,372
vehG-12,7941,3.2723999999999993,3,373
vehG-13,7952,3.009728571429999,3,374
vehG-14,7966,3.5644714285720007,3,375
vehG-15,7981,3.9276428571440003,3,376
vehG-16,7995,2.382685714288001,2,377
vehG-17,8059,1.3041,1,378
vehG-18,8077,3.897,3,379
vehG-19,8090,3.887571428572,3,380
vehG-20,8103,4.198671428572,4,381
vehG-21,8115,4.080471428572,4,382
vehG-22,8130,2.9001000000019994,2,383
vehG-23,8183,2.4380999999999995,2,384
vehG-0,8195,3.259671428571999,3,385
vehG-1,8210,2.981957142857999,2,386
vehG-2,8222,3.0375000000019985,3,387
vehG-3,8239,2.733985714287999,2,388
vehG-4,8272,2.9402999999999997,2,389
vehG-5,8288,2.998071428571999,2,390
vehG-6,8303,3.6779571428580002,3,391
vehG-7,8316,3.3735428571440003,3,392
vehG-8,8329,4.121957142858,4,393
vehG-9,8344,3.2079857142879997,3,394
vehG-10,8374,3.414985714294009,3,395
vehG-11,8446,2.3571,2,396
vehG-12,8460,2.9541857142859995,2,397
vehG-13,8475,3.697885714286,3,398
vehG-14,8490,3.670114285715999,3,399
vehG-15,8503,2.4445285714300007,2,400
vehG-16,8516,3.1069285714319976,3,401
vehG-17,8530,3.1761857142899976,3,402
vehG-18,8546,1.6394142857179987,1,403
vehG-19,8593,2.9541857142859995,2,404
vehG-20,8608,3.087257142857999,3,405
vehG-21,8623,3.2433000000019985,3,406
vehG-22,8639,2.148814285715999,2,407
vehG-23,8703,3.1427999999999994,3,408
vehG-0,8717,3.1043571428579995,3,409
vehG-1,8728,4.0389,4,410
vehG-2,8743,3.3236142857160007,3,411
vehG-3,8755,3.1107857142880007,3,412
vehG-4,8768,3.1987285714319995,3,413
vehG-5,8783,3.076157142859999,3,414
vehG-6,8833,2.268,2,415
vehG-7,8848,3.4515857142859994,3,416
vehG-8,8865,1.2728571428579993,1,417
vehG-9,8913,1.9035,1,418
vehG-10,8928,3.011957142857999,3,419
vehG-11,8944,3.1624714285719993,3,420
vehG-12,8958,2.815328571429999,2,421
vehG-13,8971,3.0513857142879983,3,422
vehG-14,8986,2.3649428571459987,2,423
vehG-15,9000,2.981271428574,2,424
vehG-16,9063,1.5795,1,425
vehG-17,9079,3.1427999999999994,3,426
vehG-18,9093,3.784585714286,3,427
vehG-19,9106,4.085185714286,4,428
vehG-20,9121,4.202057142858,4,429
vehG-21,9134,3.7574571428580006,3,430
vehG-22,9147,3.3975000000020015,3,431
vehG-23,9161,2.998285714288001,2,432
vehG-0,9191,2.0655,2,433
vehG-1,9206,3.3509999999999995,3,434
vehG-2,9221,4.0947,4,435
vehG-3,9233,3.2129571428580004,3,436
vehG-4,9246,2.611157142858001,2,437
vehG-5,9293,1.5795,1,438
vehG-6,9309,3.2294999999999994,3,439
vehG-7,9325,2.906742857143999,2,440
vehG-8,9339,3.451242857144,3,441
vehG-9,9352,4.029557142858,4,442
vehG-10,9368,2.568000000002001,2,443
vehG-11,9403,1.6767,1,444
vehG-12,9418,3.4863,3,445
vehG-13,9432,4.179085714286,4,446
vehG-14,9445,2.736371428574,2,447
vehG-15,9529,2.3571,2,448
vehG-16,9543,2.7459,2,449
vehG-17,9558,4.008,4,450
vehG-18,9572,2.576700000001999,2,451
vehG-19,9639,1.9035,1,452
vehG-20,9656,3.021299999999999,3,453
vehG-21,9694,2.0655,2,454
vehG-22,9711,2.775985714285999,2,455
vehG-23,9725,4.0623,4,456
vehG-0,9739,4.044771428572,4,457
vehG-1,9754,3.2427000000020003,3,458
vehG-2,9766,3.4136142857160015,3,459
vehG-3,9780,2.0415857142880003,2,460
vehG-4,9846,1.1259000000000001,1,461
vehG-5,9866,2.8822714285719995,2,462
vehG-6,9879,3.475971428571999,3,463
vehG-7,9891,2.9214428571439996,2,464
vehG-8,9946,1.0935,1,465
vehG-9,9966,3.1670999999999996,3,466
vehG-10,9982,2.9285571428579993,2,467
vehG-11,9994,2.7397571428600003,2,468
vehG-12,10012,3.6457142857180074,3,469
vehG-13,10027,4.106271428574008,4,470
vehG-14,10043,2.900185714292008,2,471
vehG-15,10126,1.2959999999999998,1,472
vehG-16,10143,2.0655,2,473
vehG-17,10188,2.0655,2,474
vehG-18,10203,3.243385714285999,3,475
vehG-19,10217,3.7174714285720003,3,476
vehG-20,10229,3.2269285714299993,3,477
vehG-21,10272,3.055657142858001,3,478
vehG-22,10317,1.0935,1,479
vehG-23,10337,2.7620999999999993,2,480
vehG-0,10352,3.5730857142859995,3,481
vehG-1,10365,3.453642857144,3,482
vehG-2,10377,3.1573285714300003,3,483
vehG-3,10391,2.5160142857160004,2,484
vehG-4,10435,2.7296999999999993,2,485
vehG-5,10450,3.3681857142859997,3,486
vehG-6,10463,3.9256714285720005,3,487
vehG-7,10477,3.858471428572,3,488
vehG-8,10492,4.112700000002,4,489
vehG-9,10503,3.231214285716,3,490
vehG-10,10522,1.1503285714320008,1,491
vehG-11,10561,3.2457,3,492
vehG-12,10574,2.1904714285719997,2,493
vehG-13,10589,2.8234285714299987,2,494
vehG-14,10601,2.4681857142879986,2,495
vehG-15,10613,2.440414285717998,2,496
vehG-16,10688,3.021299999999999,3,497
vehG-17,10703,3.5035714285719997,3,498
vehG-18,10715,3.9522,3,499
vehG-19,10729,3.7426714285719997,3,500
vehG-20,10742,3.8002714285720014,3,501
vehG-21,10754,2.8977857142880006,2,502
vehG-22,10769,1.7220428571460007,1,503
vehG-23,10824,3.2318999999999996,3,504
vehG-0,10839,3.298671428572,3,505
vehG-1,10852,3.453642857144,3,506
vehG-2,10865,2.9849142857159996,2,507
vehG-3,10878,3.1989857142879994,3,508
vehG-4,10891,2.9860714285739993,2,509
vehG-5,10908,1.8984428571500065,1,510
vehG-6,10953,3.1852571428580014,3,511
vehG-7,11057,2.1464999999999996,2,512
vehG-8,11070,3.4400999999999997,3,513
vehG-9,11085,3.420171428572,3,514
vehG-10,11097,3.6988714285720006,3,515
vehG-11,11111,3.6639857142860004,3,516
vehG-12,11126,2.3886428571440006,2,517
vehG-13,11192,2.2599,2,518
vehG-14,11207,3.8541,3,519
vehG-15,11218,4.1709000000000005,4,520
vehG-16,11231,4.177585714286001,4,521
vehG-17,11243,4.202871428572002,4,522
vehG-18,11256,3.830185714286001,3,523
vehG-19,11269,3.700500000000001,3,524
vehG-20,11288,2.3456571428600004,2,525
vehG-21,11331,2.4704999999999995,2,526
vehG-22,11346,3.1485857142859994,3,527
vehG-23,11414,2.5191,2,528
vehG-0,11427,3.259671428571999,3,529
vehG-1,11442,3.770785714286,3,530
vehG-2,11457,3.028242857143999,3,531
vehG-3,11515,1.6604999999999999,1,532
vehG-4,11529,3.4539857142859995,3,533
vehG-5,11543,2.951442857144,2,534
vehG-6,11557,3.69432857143,3,535
vehG-7,11569,3.879128571430001,3,536
vehG-8,11581,3.702985714286001,3,537
vehG-9,11598,2.3630142857160013,2,538
vehG-10,11659,3.2318999999999996,3,539
vehG-11,11673,3.101057142857999,3,540
vehG-12,11687,3.742842857144,3,541
vehG-13,11700,2.768614285716,2,542
vehG-14,11714,2.5048714285739995,2,543
vehG-15,11727,3.221514285716002,3,544
vehG-16,11743,3.0948285714300034,3,545
vehG-17,11869,1.1744999999999999,1,546
vehG-18,11883,3.2318999999999996,3,547
vehG-19,11897,3.6483,3,548
vehG-20,11909,2.7459000000019986,2,549
vehG-21,11923,2.3847000000019993,2,550
vehG-22,11935,3.4509000000020005,3,551
vehG-23,11950,2.9603571428599995,2,552
vehG-0,11963,3.4194857142880006,3,553
vehG-1,11976,3.6250714285819994,3,554
vehG-2,11990,2.762571428583998,2,555
vehG-3,12031,2.0655,2,556
vehG-4,12045,3.1485857142859994,3,557
vehG-5,12058,2.9123571428579997,2,558
vehG-6,12070,2.3848714285739985,2,559
vehG-7,12085,2.884585714287999,2,560
vehG-8,12099,2.8406142857179977,2,561
vehG-9,12115,1.306414285717998,1,562
vehG-10,12181,3.4481999999999995,3,563
vehG-11,12194,2.9481428571439996,2,564
vehG-12,12208,3.395614285716,3,565
vehG-13,12221,3.452314285715999,3,566
vehG-14,12232,2.9025857142880005,2,567
vehG-15,12246,2.925385714288001,2,568
vehG-16,12284,2.1627,2,569
vehG-17,12299,3.2434714285719988,3,570
vehG-18,12313,3.937157142858,3,571
vehG-19,12325,3.2057571428580003,3,572
vehG-20,12339,2.652728571430001,2,573
vehG-21,12352,3.372214285716,3,574
vehG-22,12365,2.8283571428600003,2,575
vehG-23,12380,3.2729571428599993,3,576
vehG-0,12395,2.6559428571459995,2,577
vehG-1,12445,1.2959999999999998,1,578
vehG-2,12462,3.8241,3,579
vehG-3,12477,3.409842857143999,3,580
vehG-4,12491,3.312214285716,3,581
vehG-5,12506,2.39575714286,2,582
vehG-6,12560,3.2318999999999996,3,583
vehG-7,12572,3.3844714285719997,3,584
vehG-8,12586,3.3150428571439994,3,585
vehG-9,12597,3.165342857144,3,586
vehG-10,12613,3.2727857142880006,3,587
vehG-11,12665,1.2959999999999998,1,588
vehG-12,12683,3.4700999999999995,3,589
vehG-13,12697,4.0275,4,590
vehG-14,12709,4.018071428572,4,591
vehG-15,12721,4.374300000000001,4,592
vehG-16,12735,4.107900000000001,4,593
vehG-17,12748,4.012757142858002,4,594
vehG-18,12760,4.160957142858002,4,595
vehG-19,12775,2.5987285714300015,2,596
vehG-20,12833,2.7296999999999993,2,597
vehG-21,12848,3.3648857142859994,3,598
vehG-22,12863,3.9232714285720003,3,599
vehG-23,12876,3.96732857143,3,600
vehG-0,12888,3.998142857144001,3,601
vehG-1,12903,2.9373000000019998,2,602
vehG-2,12954,2.1627,2,603
vehG-3,12969,2.7955714285719995,2,604
vehG-4,12984,3.0315428571439993,3,605
vehG-5,12999,3.4651285714299997,3,606
vehG-6,13012,3.47412857143,3,607
vehG-7,13027,3.261300000002,3,608
vehG-8,13043,2.4046714285740007,2,609
vehG-9,13097,3.035185714285999,3,610
vehG-10,13112,3.784585714286,3,611
vehG-11,13124,4.138585714286,4,612
vehG-12,13135,3.4614857142860003,3,613
vehG-13,13149,2.4259285714300005,2,614
vehG-14,13163,2.819185714288001,2,615
vehG-15,13212,2.268,2,616
vehG-16,13225,2.5839,2,617
vehG-17,13239,2.9657571428579987,2,618
vehG-18,13252,3.8009571428579996,3,619
vehG-19,13265,2.315442857145998,2,620
vehG-20,13280,2.884757142859998,2,621
vehG-21,13294,1.6350428571459983,1,622
