id,tick,speed(float),speed(discrete),Tot v
vehG-0,152,1.0935,1,1
vehG-1,167,3.4400999999999997,3,2
vehG-2,177,4.004000000000002,4,3
vehG-3,192,4.188800000000003,4,4
vehG-4,207,4.107800000000004,4,5
vehG-5,222,3.760400000000006,3,6
vehG-6,237,3.969200000000002,3,7
vehG-7,287,5.0,5,8
vehG-8,300,5.0,5,9
vehG-9,317,4.676,4,10
vehG-10,330,4.352,4,11
vehG-11,342,4.676,4,12
vehG-0,357,4.293800000000004,4,13
vehG-1,371,5.0,5,14
vehG-2,391,5.0,5,15
vehG-3,403,4.51665714286002,4,16
vehG-4,428,5.0,5,17
vehG-5,446,5.0,5,18
vehG-6,461,5.0,5,19
vehG-7,474,5.0,5,20
vehG-8,486,5.0,5,21
vehG-9,497,4.676,4,22
vehG-10,552,5.0,5,23
vehG-11,569,5.0,5,24
vehG-0,581,4.676,4,25
vehG-1,594,5.0,5,26
vehG-2,606,5.0,5,27
vehG-3,618,4.676,4,28
vehG-4,630,4.676,4,29
vehG-5,642,5.0,5,30
vehG-6,654,4.595000000000001,4,31
vehG-7,709,4.271000000000001,4,32
vehG-8,722,4.271000000000001,4,33
vehG-9,734,4.676,4,34
vehG-10,745,5.0,5,35
vehG-11,759,4.9190000000000005,4,36
vehG-0,773,4.085685714286001,4,37
vehG-1,787,4.131800000000001,4,38
vehG-2,839,5.0,5,39
vehG-3,851,4.676,4,40
vehG-4,865,5.0,5,41
vehG-5,880,5.0,5,42
vehG-6,890,5.0,5,43
vehG-7,941,4.838000000000001,4,44
vehG-8,956,4.514000000000001,4,45
vehG-9,968,4.9190000000000005,4,46
vehG-10,990,5.0,5,47
vehG-11,1003,4.9190000000000005,4,48
vehG-0,1015,4.676000000000002,4,49
vehG-1,1028,4.676,4,50
vehG-2,1040,5.0,5,51
vehG-3,1052,4.595000000000001,4,52
vehG-4,1085,5.0,5,53
vehG-5,1100,5.0,5,54
vehG-6,1112,5.0,5,55
vehG-7,1124,4.9190000000000005,4,56
vehG-8,1138,5.0,5,57
vehG-9,1150,5.0,5,58
vehG-10,1166,5.0,5,59
vehG-11,1184,4.676,4,60
vehG-0,1196,4.7570000000000014,4,61
vehG-1,1211,5.0,5,62
vehG-2,1235,5.0,5,63
vehG-3,1251,5.0,5,64
vehG-4,1264,5.0,5,65
vehG-5,1277,5.0,5,66
vehG-6,1289,4.838000000000001,4,67
vehG-7,1309,5.0,5,68
vehG-8,1344,5.0,5,69
vehG-9,1357,5.0,5,70
vehG-10,1369,5.0,5,71
vehG-11,1381,5.0,5,72
vehG-0,1394,4.803200000000002,4,73
vehG-1,1409,5.0,5,74
vehG-2,1422,4.271000000000001,4,75
vehG-3,1434,4.595000000000001,4,76
vehG-4,1447,5.0,5,77
vehG-5,1459,5.0,5,78
vehG-6,1501,5.0,5,79
vehG-7,1514,5.0,5,80
vehG-8,1527,4.9190000000000005,4,81
vehG-9,1541,4.7570000000000014,4,82
vehG-10,1552,4.9190000000000005,4,83
vehG-11,1566,5.0,5,84
vehG-0,1620,4.838000000000001,4,85
vehG-1,1633,5.0,5,86
vehG-2,1646,4.0280000000000005,4,87
vehG-3,1663,4.178000000000003,4,88
vehG-4,1677,5.0,5,89
vehG-5,1692,4.352,4,90
vehG-6,1703,4.676,4,91
vehG-7,1718,4.120400000000001,4,92
vehG-8,1733,3.807800000000001,3,93
vehG-9,1760,4.676,4,94
vehG-10,1773,4.9190000000000005,4,95
vehG-11,1786,5.0,5,96
vehG-0,1798,4.352,4,97
vehG-1,1813,5.0,5,98
vehG-2,1830,5.0,5,99
vehG-3,1842,5.0,5,100
vehG-4,1854,4.514000000000001,4,101
vehG-5,1870,5.0,5,102
vehG-6,1904,4.595000000000001,4,103
vehG-7,1921,4.918571428572004,4,104
vehG-8,1933,5.0,5,105
vehG-9,1945,4.9190000000000005,4,106
vehG-10,1957,4.9190000000000005,4,107
vehG-11,1970,5.0,5,108
vehG-0,1982,4.271000000000001,4,109
vehG-1,1996,5.0,5,110
vehG-2,2008,5.0,5,111
vehG-3,2067,5.0,5,112
vehG-4,2082,5.0,5,113
vehG-5,2093,4.9190000000000005,4,114
vehG-6,2108,5.0,5,115
vehG-7,2122,4.9190000000000005,4,116
vehG-8,2166,4.838000000000001,4,117
vehG-9,2179,4.676,4,118
vehG-10,2191,5.0,5,119
vehG-11,2209,4.374885714286003,4,120
vehG-0,2221,5.0,5,121
vehG-1,2272,4.9190000000000005,4,122
vehG-2,2291,4.7570000000000014,4,123
vehG-3,2309,4.247171428572003,4,124
vehG-4,2324,3.529571428572004,3,125
vehG-5,2337,4.061600000000003,4,126
vehG-6,2352,4.026200000000007,4,127
vehG-7,2367,4.071800000000007,4,128
vehG-8,2389,4.9190000000000005,4,129
vehG-9,2409,5.0,5,130
vehG-10,2421,5.0,5,131
vehG-11,2438,4.316771428572002,4,132
vehG-0,2449,4.525400000000003,4,133
vehG-1,2461,5.0,5,134
vehG-2,2475,5.0,5,135
vehG-3,2490,4.085685714286001,4,136
vehG-4,2510,5.0,5,137
vehG-5,2534,4.514000000000001,4,138
vehG-6,2554,4.363400000000001,4,139
vehG-7,2570,5.0,5,140
vehG-8,2583,5.0,5,141
vehG-9,2596,5.0,5,142
vehG-10,2613,5.0,5,143
vehG-11,2650,5.0,5,144
vehG-0,2666,5.0,5,145
vehG-1,2677,5.0,5,146
vehG-2,2693,4.9190000000000005,4,147
vehG-3,2708,4.9190000000000005,4,148
vehG-4,2762,5.0,5,149
vehG-5,2776,5.0,5,150
vehG-6,2788,5.0,5,151
vehG-7,2799,5.0,5,152
vehG-8,2811,5.0,5,153
vehG-9,2828,4.9190000000000005,4,154
vehG-10,2877,5.0,5,155
vehG-11,2890,4.9190000000000005,4,156
vehG-0,2906,4.595000000000001,4,157
vehG-1,2922,5.0,5,158
vehG-2,2942,4.352,4,159
vehG-3,2954,4.525400000000002,4,160
vehG-4,2968,4.352,4,161
vehG-5,2984,3.8888857142860016,3,162
vehG-6,2996,4.649100000000013,4,163
vehG-7,3034,5.0,5,164
vehG-8,3046,5.0,5,165
vehG-9,3061,4.9190000000000005,4,166
vehG-10,3074,5.0,5,167
vehG-11,3086,5.0,5,168
vehG-0,3129,5.0,5,169
vehG-1,3142,5.0,5,170
vehG-2,3158,4.352,4,171
vehG-3,3170,5.0,5,172
vehG-4,3182,4.514000000000001,4,173
vehG-5,3194,5.0,5,174
vehG-6,3207,5.0,5,175
vehG-7,3220,5.0,5,176
vehG-8,3233,4.514000000000001,4,177
vehG-9,3281,5.0,5,178
vehG-10,3294,5.0,5,179
vehG-11,3311,5.0,5,180
vehG-0,3324,4.0394000000000005,4,181
vehG-1,3339,4.421000000000002,4,182
vehG-2,3354,4.676,4,183
vehG-3,3366,5.0,5,184
vehG-4,3377,5.0,5,185
vehG-5,3431,5.0,5,186
vehG-6,3444,5.0,5,187
vehG-7,3458,5.0,5,188
vehG-8,3476,5.0,5,189
vehG-9,3489,5.0,5,190
vehG-10,3537,5.0,5,191
vehG-11,3550,5.0,5,192
vehG-0,3574,5.0,5,193
vehG-1,3586,5.0,5,194
vehG-2,3599,4.676000000000002,4,195
vehG-3,3611,4.838000000000001,4,196
vehG-4,3625,4.074200000000001,4,197
vehG-5,3639,5.0,5,198
vehG-6,3675,4.676,4,199
vehG-7,3689,5.0,5,200
vehG-8,3706,5.0,5,201
vehG-9,3720,4.9190000000000005,4,202
vehG-10,3732,4.838000000000001,4,203
vehG-11,3747,5.0,5,204
vehG-0,3759,5.0,5,205
vehG-1,3771,4.7570000000000014,4,206
vehG-2,3814,4.352,4,207
vehG-3,3829,4.514000000000001,4,208
vehG-4,3841,5.0,5,209
vehG-5,3854,5.0,5,210
vehG-6,3868,5.0,5,211
vehG-7,3888,4.687400000000004,4,212
vehG-8,3932,4.595000000000002,4,213
vehG-9,3948,5.0,5,214
vehG-10,3963,5.0,5,215
vehG-11,3984,4.838000000000001,4,216
vehG-0,3996,5.0,5,217
vehG-1,4008,4.352,4,218
vehG-2,4021,4.673100000000013,4,219
vehG-3,4034,4.120400000000003,4,220
vehG-4,4087,4.919000000000004,4,221
vehG-5,4100,4.838000000000001,4,222
vehG-6,4125,4.931600000002005,4,223
vehG-7,4137,5.0,5,224
vehG-8,4150,4.095800000000005,4,225
vehG-9,4164,5.0,5,226
vehG-10,4177,4.59390000000201,4,227
vehG-11,4190,4.120142857144009,4,228
vehG-0,4213,5.0,5,229
vehG-1,4225,4.676,4,230
vehG-2,4237,4.9190000000000005,4,231
vehG-3,4257,5.0,5,232
vehG-4,4269,4.849400000000002,4,233
vehG-5,4282,4.803200000000002,4,234
vehG-6,4294,4.676,4,235
vehG-7,4307,4.433000000000003,4,236
vehG-8,4321,4.1552000000000024,4,237
vehG-9,4374,5.0,5,238
vehG-10,4387,5.0,5,239
vehG-11,4399,5.0,5,240
vehG-0,4412,5.0,5,241
vehG-1,4423,5.0,5,242
vehG-2,4436,4.433000000000002,4,243
vehG-3,4453,4.0390571428580015,4,244
vehG-4,4469,3.8884571428580026,3,245
vehG-5,4523,5.0,5,246
vehG-6,4538,5.0,5,247
vehG-7,4552,4.676,4,248
vehG-8,4567,5.0,5,249
vehG-9,4582,5.0,5,250
vehG-10,4596,5.0,5,251
vehG-11,4608,5.0,5,252
vehG-0,4620,5.0,5,253
vehG-1,4664,5.0,5,254
vehG-2,4676,4.9190000000000005,4,255
vehG-3,4697,5.0,5,256
vehG-4,4719,4.363400000000001,4,257
vehG-5,4734,5.0,5,258
vehG-6,4745,5.0,5,259
vehG-7,4760,5.0,5,260
vehG-8,4777,5.0,5,261
vehG-9,4803,4.9190000000000005,4,262
vehG-10,4819,5.0,5,263
vehG-11,4831,4.676,4,264
vehG-0,4846,5.0,5,265
vehG-1,4865,4.838000000000001,4,266
vehG-2,4893,3.876971428572002,3,267
vehG-3,4913,5.0,5,268
vehG-4,4926,5.0,5,269
vehG-5,4948,5.0,5,270
vehG-6,4959,5.0,5,271
vehG-7,4971,5.0,5,272
vehG-8,4989,5.0,5,273
vehG-9,5013,5.0,5,274
vehG-10,5029,4.525400000000001,4,275
vehG-11,5046,4.038971428572003,4,276
vehG-0,5060,4.6868000000000025,4,277
vehG-1,5072,4.374800000000002,4,278
vehG-2,5084,5.0,5,279
vehG-3,5130,5.0,5,280
vehG-4,5143,5.0,5,281
vehG-5,5157,5.0,5,282
vehG-6,5169,5.0,5,283
vehG-7,5182,4.676,4,284
vehG-8,5239,5.0,5,285
vehG-9,5251,4.9190000000000005,4,286
vehG-10,5267,4.676,4,287
vehG-11,5282,5.0,5,288
vehG-0,5297,4.514000000000001,4,289
vehG-1,5309,4.676000000000002,4,290
vehG-2,5323,5.0,5,291
vehG-3,5335,5.0,5,292
vehG-4,5378,4.676,4,293
vehG-5,5404,5.0,5,294
vehG-6,5417,4.9190000000000005,4,295
vehG-7,5429,4.271000000000001,4,296
vehG-8,5444,4.4906000000000015,4,297
vehG-9,5458,4.0508000000000015,4,298
vehG-10,5474,4.142600000000004,4,299
vehG-11,5489,4.058700000000012,4,300
vehG-0,5515,5.0,5,301
vehG-1,5530,5.0,5,302
vehG-2,5544,4.9190000000000005,4,303
vehG-3,5556,4.271000000000001,4,304
vehG-4,5568,5.0,5,305
vehG-5,5580,5.0,5,306
vehG-6,5595,5.0,5,307
vehG-7,5607,4.9190000000000005,4,308
vehG-8,5620,5.0,5,309
vehG-9,5664,4.595000000000002,4,310
vehG-10,5676,4.676,4,311
vehG-11,5700,4.514000000000001,4,312
vehG-0,5714,5.0,5,313
vehG-1,5728,4.838000000000001,4,314
vehG-2,5739,5.0,5,315
vehG-3,5753,5.0,5,316
vehG-4,5765,5.0,5,317
vehG-5,5804,5.0,5,318
vehG-6,5822,4.352,4,319
vehG-7,5842,4.595000000000001,4,320
vehG-8,5854,4.9190000000000005,4,321
vehG-9,5870,4.271000000000001,4,322
vehG-10,5884,4.9190000000000005,4,323
vehG-11,5917,5.0,5,324
vehG-0,5930,4.676000000000002,4,325
vehG-1,5942,5.0,5,326
vehG-2,5959,5.0,5,327
vehG-3,5971,5.0,5,328
vehG-4,5985,4.838000000000001,4,329
vehG-5,5998,5.0,5,330
vehG-6,6009,4.352,4,331
vehG-7,6022,4.271000000000003,4,332
vehG-8,6069,4.595000000000001,4,333
vehG-9,6088,5.0,5,334
vehG-10,6103,4.838000000000001,4,335
vehG-11,6117,5.0,5,336
vehG-0,6129,5.0,5,337
vehG-1,6142,5.0,5,338
vehG-2,6155,4.595000000000001,4,339
vehG-3,6166,4.9190000000000005,4,340
vehG-4,6204,5.0,5,341
vehG-5,6218,5.0,5,342
vehG-6,6231,4.352,4,343
vehG-7,6245,3.912200000000001,3,344
vehG-8,6259,4.0280000000000005,4,345
vehG-9,6276,4.340000000000002,4,346
vehG-10,6336,5.0,5,347
vehG-11,6349,4.433000000000002,4,348
vehG-0,6360,5.0,5,349
vehG-1,6371,5.0,5,350
vehG-2,6384,4.9190000000000005,4,351
vehG-3,6435,5.0,5,352
vehG-4,6450,4.860800000000002,4,353
vehG-5,6462,5.0,5,354
vehG-6,6475,5.0,5,355
vehG-7,6489,5.0,5,356
vehG-8,6500,4.676,4,357
vehG-9,6570,5.0,5,358
vehG-10,6584,5.0,5,359
vehG-11,6598,5.0,5,360
vehG-0,6610,5.0,5,361
vehG-1,6656,4.676,4,362
vehG-2,6673,5.0,5,363
vehG-3,6689,4.9190000000000005,4,364
vehG-4,6704,5.0,5,365
vehG-5,6716,5.0,5,366
vehG-6,6730,5.0,5,367
vehG-7,6744,4.595000000000001,4,368
vehG-8,6755,5.0,5,369
vehG-9,6798,5.0,5,370
vehG-10,6811,5.0,5,371
vehG-11,6826,5.0,5,372
vehG-0,6842,4.907171428572003,4,373
vehG-1,6855,4.016000000000004,4,374
vehG-2,6869,3.8540000000000036,3,375
vehG-3,6912,5.0,5,376
vehG-4,6936,5.0,5,377
vehG-5,6952,5.0,5,378
vehG-6,6963,5.0,5,379
vehG-7,6976,5.0,5,380
vehG-8,7008,5.0,5,381
vehG-9,7024,5.0,5,382
vehG-10,7036,5.0,5,383
vehG-11,7050,4.352000000000002,4,384
vehG-0,7066,4.166600000000002,4,385
vehG-1,7080,3.9236000000000018,3,386
vehG-2,7124,4.676,4,387
vehG-3,7136,5.0,5,388
vehG-4,7148,5.0,5,389
vehG-5,7160,5.0,5,390
vehG-6,7176,5.0,5,391
vehG-7,7192,5.0,5,392
vehG-8,7230,5.0,5,393
vehG-9,7243,5.0,5,394
vehG-10,7255,5.0,5,395
vehG-11,7267,4.352,4,396
vehG-0,7283,5.0,5,397
vehG-1,7341,4.676,4,398
vehG-2,7360,4.883857142858003,4,399
vehG-3,7375,4.212285714286003,4,400
vehG-4,7390,4.247171428572004,4,401
vehG-5,7403,4.1894000000000045,4,402
vehG-6,7440,5.0,5,403
vehG-7,7459,3.7040000000000006,3,404
vehG-8,7474,4.7570000000000014,4,405
vehG-9,7486,5.0,5,406
vehG-10,7503,4.676,4,407
vehG-11,7520,4.836885714286007,4,408
vehG-0,7533,4.641200000000001,4,409
vehG-1,7546,5.0,5,410
vehG-2,7588,5.0,5,411
vehG-3,7600,5.0,5,412
vehG-4,7613,4.9190000000000005,4,413
vehG-5,7624,5.0,5,414
vehG-6,7638,4.514000000000001,4,415
vehG-7,7652,5.0,5,416
vehG-8,7694,4.9190000000000005,4,417
vehG-9,7711,4.838000000000001,4,418
vehG-10,7724,5.0,5,419
vehG-11,7740,4.352,4,420
vehG-0,7752,5.0,5,421
vehG-1,7764,4.271000000000001,4,422
vehG-2,7820,4.676,4,423
vehG-3,7833,5.0,5,424
vehG-4,7846,5.0,5,425
vehG-5,7860,4.514000000000001,4,426
vehG-6,7874,3.7964857142860016,3,427
vehG-7,7891,4.004171428572002,4,428
vehG-8,7904,4.814000000000005,4,429
vehG-9,7917,4.5362000000000045,4,430
vehG-10,7951,4.676,4,431
vehG-11,7963,4.0280000000000005,4,432
vehG-0,7976,4.271000000000001,4,433
vehG-1,7990,4.930400000000003,4,434
vehG-2,8003,5.0,5,435
vehG-3,8015,5.0,5,436
vehG-4,8028,4.919000000000002,4,437
vehG-5,8041,4.9190000000000005,4,438
vehG-6,8052,5.0,5,439
vehG-7,8115,4.676,4,440
vehG-8,8127,4.595000000000001,4,441
vehG-9,8140,5.0,5,442
vehG-10,8161,4.235428571430004,4,443
vehG-11,8175,3.8414857142860046,3,444
vehG-0,8198,5.0,5,445
vehG-1,8212,5.0,5,446
vehG-2,8224,4.514000000000001,4,447
vehG-3,8236,5.0,5,448
vehG-4,8252,4.838000000000001,4,449
vehG-5,8266,4.9190000000000005,4,450
vehG-6,8278,5.0,5,451
vehG-7,8291,5.0,5,452
vehG-8,8302,5.0,5,453
vehG-9,8352,5.0,5,454
vehG-10,8364,4.838000000000003,4,455
vehG-11,8376,5.0,5,456
vehG-0,8393,5.0,5,457
vehG-1,8405,5.0,5,458
vehG-2,8459,5.0,5,459
vehG-3,8472,4.676,4,460
vehG-4,8486,4.433000000000002,4,461
vehG-5,8499,4.282400000000001,4,462
vehG-6,8512,4.676,4,463
vehG-7,8525,4.155200000000001,4,464
vehG-8,8541,4.271000000000001,4,465
vehG-9,8553,5.0,5,466
vehG-10,8599,5.0,5,467
vehG-11,8610,5.0,5,468
vehG-0,8622,4.0280000000000005,4,469
vehG-1,8637,5.0,5,470
vehG-2,8649,4.155200000000001,4,471
vehG-3,8661,5.0,5,472
vehG-4,8675,5.0,5,473
vehG-5,8696,5.0,5,474
vehG-6,8709,4.676,4,475
vehG-7,8745,5.0,5,476
vehG-8,8758,5.0,5,477
vehG-9,8773,5.0,5,478
vehG-10,8785,5.0,5,479
vehG-11,8798,4.120400000000001,4,480
vehG-0,8813,4.363400000000001,4,481
vehG-1,8826,4.1090000000000035,4,482
vehG-2,8841,3.9698000000000024,3,483
vehG-3,8879,5.0,5,484
vehG-4,8897,5.0,5,485
vehG-5,8922,5.0,5,486
vehG-6,8939,4.676,4,487
vehG-7,8951,4.595000000000001,4,488
vehG-8,8964,4.838000000000001,4,489
vehG-9,8979,4.926900000000011,4,490
vehG-10,8990,4.244100000000012,4,491
vehG-11,9000,4.676,4,492
vehG-0,9024,5.0,5,493
vehG-1,9037,5.0,5,494
vehG-2,9049,5.0,5,495
vehG-3,9068,4.9190000000000005,4,496
vehG-4,9082,5.0,5,497
vehG-5,9096,5.0,5,498
vehG-6,9111,5.0,5,499
vehG-7,9125,4.352,4,500
vehG-8,9145,4.779028571430005,4,501
vehG-9,9179,4.514000000000001,4,502
vehG-10,9193,4.004600000000001,4,503
vehG-11,9207,4.386200000000002,4,504
vehG-0,9221,4.386200000000002,4,505
vehG-1,9233,5.0,5,506
vehG-2,9244,5.0,5,507
vehG-3,9255,5.0,5,508
vehG-4,9271,4.120400000000001,4,509
vehG-5,9288,4.200800000000002,4,510
vehG-6,9311,4.9190000000000005,4,511
vehG-7,9327,5.0,5,512
vehG-8,9341,4.398200000000001,4,513
vehG-9,9355,4.9190000000000005,4,514
vehG-10,9368,5.0,5,515
vehG-11,9379,5.0,5,516
vehG-0,9394,4.676,4,517
vehG-1,9408,5.0,5,518
vehG-2,9422,5.0,5,519
vehG-3,9482,4.676,4,520
vehG-4,9495,5.0,5,521
vehG-5,9508,4.838000000000001,4,522
vehG-6,9525,4.352,4,523
vehG-7,9540,4.536885714286002,4,524
vehG-8,9610,5.0,5,525
vehG-9,9623,5.0,5,526
vehG-10,9636,4.676,4,527
vehG-11,9693,5.0,5,528
vehG-0,9705,4.155200000000001,4,529
vehG-1,9718,3.6344857142860008,3,530
vehG-2,9733,3.7844000000000015,3,531
vehG-3,9746,4.9190000000000005,4,532
vehG-4,9767,5.0,5,533
vehG-5,9807,5.0,5,534
vehG-6,9823,5.0,5,535
vehG-7,9837,5.0,5,536
vehG-8,9849,5.0,5,537
vehG-9,9864,5.0,5,538
vehG-10,9878,5.0,5,539
vehG-11,9889,5.0,5,540
vehG-0,9901,4.595000000000001,4,541
vehG-1,9948,4.595000000000001,4,542
vehG-2,9971,5.0,5,543
vehG-3,9989,5.0,5,544
vehG-4,10001,4.7570000000000014,4,545
vehG-5,10013,5.0,5,546
vehG-6,10025,5.0,5,547
vehG-7,10036,4.9190000000000005,4,548
vehG-8,10048,5.0,5,549
vehG-9,10081,5.0,5,550
vehG-10,10096,5.0,5,551
vehG-11,10109,4.838000000000001,4,552
vehG-0,10121,5.0,5,553
vehG-1,10133,5.0,5,554
vehG-2,10148,5.0,5,555
vehG-3,10197,4.676,4,556
vehG-4,10216,5.0,5,557
vehG-5,10229,5.0,5,558
vehG-6,10243,4.9190000000000005,4,559
vehG-7,10254,4.676,4,560
vehG-8,10288,5.0,5,561
vehG-9,10303,4.838000000000001,4,562
vehG-10,10328,4.9190000000000005,4,563
vehG-11,10344,5.0,5,564
vehG-0,10355,5.0,5,565
vehG-1,10366,4.9190000000000005,4,566
vehG-2,10379,3.912200000000001,3,567
vehG-3,10392,3.993200000000002,3,568
vehG-4,10405,4.5020000000000024,4,569
vehG-5,10449,5.0,5,570
vehG-6,10464,4.536885714286002,4,571
vehG-7,10479,4.143285714286002,4,572
vehG-8,10493,4.316600000000004,4,573
vehG-9,10507,4.860200000000004,4,574
vehG-10,10558,5.0,5,575
vehG-11,10578,5.0,5,576
vehG-0,10590,5.0,5,577
vehG-1,10605,4.595000000000001,4,578
vehG-2,10618,4.595000000000001,4,579
vehG-3,10632,5.0,5,580
vehG-4,10644,5.0,5,581
vehG-5,10658,5.0,5,582
vehG-6,10691,4.838000000000001,4,583
vehG-7,10704,4.676,4,584
vehG-8,10719,5.0,5,585
vehG-9,10734,5.0,5,586
vehG-10,10746,5.0,5,587
vehG-11,10761,5.0,5,588
vehG-0,10781,4.108228571430002,4,589
vehG-1,10798,5.0,5,590
vehG-2,10809,5.0,5,591
vehG-3,10823,5.0,5,592
vehG-4,10847,5.0,5,593
vehG-5,10860,4.676,4,594
vehG-6,10877,4.351571428572002,4,595
vehG-7,10890,4.595000000000001,4,596
vehG-8,10903,5.0,5,597
vehG-9,10915,4.595000000000001,4,598
vehG-10,10927,4.514000000000001,4,599
vehG-11,10939,4.0280000000000005,4,600
vehG-0,10990,5.0,5,601
vehG-1,11002,4.676,4,602
vehG-2,11020,5.0,5,603
vehG-3,11032,5.0,5,604
vehG-4,11047,5.0,5,605
vehG-5,11102,5.0,5,606
vehG-6,11114,4.676,4,607
vehG-7,11127,4.676,4,608
vehG-8,11148,4.9190000000000005,4,609
vehG-9,11163,5.0,5,610
vehG-10,11175,5.0,5,611
vehG-11,11187,4.352,4,612
vehG-0,11202,3.715485714286002,3,613
vehG-1,11241,5.0,5,614
vehG-2,11254,4.676,4,615
vehG-3,11268,5.0,5,616
vehG-4,11283,4.9190000000000005,4,617
vehG-5,11296,4.676000000000002,4,618
vehG-6,11311,5.0,5,619
vehG-7,11323,4.676,4,620
vehG-8,11336,4.398200000000001,4,621
vehG-9,11393,4.9190000000000005,4,622
vehG-10,11406,4.271000000000001,4,623
vehG-11,11418,4.676,4,624
vehG-0,11432,4.7570000000000014,4,625
vehG-1,11462,5.0,5,626
vehG-2,11475,4.676,4,627
vehG-3,11489,3.252371428572001,3,628
vehG-4,11505,3.4149000000020098,3,629
vehG-5,11520,4.3286000000000024,4,630
vehG-6,11536,5.0,5,631
vehG-7,11551,4.676,4,632
vehG-8,11567,5.0,5,633
vehG-9,11579,4.676,4,634
vehG-10,11593,5.0,5,635
vehG-11,11659,5.0,5,636
vehG-0,11672,5.0,5,637
vehG-1,11686,5.0,5,638
vehG-2,11698,4.155200000000001,4,639
vehG-3,11710,4.676,4,640
vehG-4,11722,5.0,5,641
vehG-5,11736,4.676,4,642
vehG-6,11748,4.271000000000001,4,643
vehG-7,11786,4.9190000000000005,4,644
vehG-8,11799,5.0,5,645
vehG-9,11813,5.0,5,646
vehG-10,11827,4.9190000000000005,4,647
vehG-11,11838,4.676,4,648
vehG-0,11851,5.0,5,649
vehG-1,11864,5.0,5,650
vehG-2,11887,5.0,5,651
vehG-3,11926,4.7570000000000014,4,652
vehG-4,11949,4.9190000000000005,4,653
vehG-5,11967,4.328685714286001,4,654
vehG-6,11979,4.074200000000001,4,655
vehG-7,11995,4.676,4,656
vehG-8,12008,5.0,5,657
vehG-9,12019,4.676,4,658
vehG-10,12032,4.271000000000001,4,659
vehG-11,12072,5.0,5,660
vehG-0,12089,5.0,5,661
vehG-1,12100,5.0,5,662
vehG-2,12116,4.9190000000000005,4,663
vehG-3,12127,5.0,5,664
vehG-4,12188,5.0,5,665
vehG-5,12208,5.0,5,666
vehG-6,12220,5.0,5,667
vehG-7,12237,5.0,5,668
vehG-8,12248,5.0,5,669
vehG-9,12290,5.0,5,670
vehG-10,12307,5.0,5,671
vehG-11,12319,5.0,5,672
vehG-0,12334,4.595000000000001,4,673
vehG-1,12345,5.0,5,674
vehG-2,12357,5.0,5,675
vehG-3,12400,5.0,5,676
vehG-4,12415,5.0,5,677
vehG-5,12428,4.595000000000001,4,678
vehG-6,12440,4.595000000000001,4,679
vehG-7,12454,5.0,5,680
vehG-8,12468,4.838000000000001,4,681
vehG-9,12504,4.676,4,682
vehG-10,12516,4.838000000000001,4,683
vehG-11,12532,5.0,5,684
vehG-0,12546,4.676000000000002,4,685
vehG-1,12557,5.0,5,686
vehG-2,12574,5.0,5,687
vehG-3,12586,5.0,5,688
vehG-4,12598,5.0,5,689
vehG-5,12611,5.0,5,690
vehG-6,12641,4.676,4,691
vehG-7,12653,5.0,5,692
vehG-8,12664,5.0,5,693
vehG-9,12677,4.676,4,694
vehG-10,12691,4.7570000000000014,4,695
vehG-11,12703,4.676,4,696
vehG-0,12749,4.9190000000000005,4,697
vehG-1,12761,5.0,5,698
vehG-2,12779,5.0,5,699
vehG-3,12792,5.0,5,700
vehG-4,12803,4.595000000000001,4,701
vehG-5,12862,4.352,4,702
vehG-6,12876,5.0,5,703
vehG-7,12889,4.676,4,704
vehG-8,12902,5.0,5,705
vehG-9,12914,5.0,5,706
vehG-10,12928,5.0,5,707
vehG-11,12941,5.0,5,708
vehG-0,12956,5.0,5,709
vehG-1,12968,5.0,5,710
vehG-2,13015,5.0,5,711
vehG-3,13027,4.676,4,712
vehG-4,13042,3.8426857142860023,3,713
vehG-5,13059,3.749600000000002,3,714
vehG-6,13075,5.0,5,715
vehG-7,13117,5.0,5,716
vehG-8,13132,5.0,5,717
vehG-9,13147,5.0,5,718
vehG-10,13161,5.0,5,719
vehG-11,13175,5.0,5,720
vehG-0,13187,5.0,5,721
vehG-1,13199,5.0,5,722
vehG-2,13211,5.0,5,723
vehG-3,13226,4.676,4,724
vehG-4,13265,5.0,5,725
vehG-5,13278,4.676,4,726
vehG-6,13291,4.9190000000000005,4,727
vehG-7,13304,5.0,5,728
vehG-8,13318,5.0,5,729
vehG-9,13331,3.9470000000000027,3,730
