id,tick,speed(float),speed(discrete),Tot v
vehG-0,40,5.223900000000004,5,1
vehG-0,64,5.223900000000009,5,2
vehG-0,88,4.899900000000011,4,3
vehG-0,113,4.980900000000016,4,4
vehG-0,142,5.09627142857202,5,5
vehG-0,199,5.0748000000000015,5,6
vehG-0,223,5.236800000000004,5,7
vehG-0,246,5.074800000000009,5,8
vehG-0,308,5.077928571430012,5,9
vehG-0,330,4.915928571430013,4,10
vehG-0,352,5.158928571430013,5,11
vehG-0,375,5.158928571430015,5,12
vehG-0,458,5.210185714286002,5,13
vehG-0,482,4.967185714286005,4,14
vehG-0,555,5.015785714286001,5,15
vehG-0,583,5.200585714286005,5,16
vehG-0,666,3.993600000002001,3,17
vehG-0,691,5.092800000002004,5,18
vehG-0,747,5.035328571432007,5,19
vehG-0,770,5.035328571432009,5,20
vehG-0,794,5.116328571432012,5,21
vehG-0,847,4.693114285720016,4,22
vehG-0,872,5.17911428572002,5,23
vehG-0,896,5.017114285720023,5,24
vehG-0,921,5.098114285720028,5,25
vehG-0,954,4.8402857142940325,4,26
vehG-0,988,4.726114285724036,4,27
vehG-0,1011,5.1311142857240375,5,28
vehG-0,1037,4.8881142857240425,4,29
vehG-0,1071,5.217942857156048,5,30
vehG-0,1098,5.067342857156054,5,31
vehG-0,1121,4.9053428571560564,4,32
vehG-0,1146,5.14834285715606,5,33
vehG-0,1169,4.986342857156063,4,34
vehG-0,1194,4.5003428571560695,4,35
vehG-0,1226,5.2289142857280755,5,36
vehG-0,1250,5.1479142857280795,5,37
