id,tick,speed(float),speed(discrete),Tot v
vg1-0,236,1.2017571428580163,1,1
vg1-1,252,1.6982285714300172,1,2
vg1-2,267,3.0798571428580175,3,3
vg1-3,280,3.226842857144017,3,4
vg1-4,293,3.0501857142880096,3,5
vg1-5,307,3.1589428571440106,3,6
vg1-6,320,3.0971571428580154,3,7
vg1-7,334,3.2615000000020142,3,8
vg1-8,347,3.039157142858013,3,9
vg1-9,361,3.1627428571440155,3,10
vg1-10,374,3.2789428571440107,3,11
vg1-11,387,3.1013571428580136,3,12
vg1-12,401,3.0957428571440095,3,13
vg1-13,414,3.0567428571440116,3,14
vg1-14,427,3.153157142858009,3,15
vg1-15,441,3.198142857144008,3,16
vg1-16,454,3.0313428571440095,3,17
vg1-17,467,3.03441428571601,3,18
vg1-0,481,3.143014285716022,3,19
vg1-1,494,3.044457142860022,3,20
vg1-2,507,3.0261142857160244,3,21
vg1-3,520,3.0273857142880223,3,22
vg1-4,533,3.0426428571460176,3,23
vg1-5,547,3.1094000000020183,3,24
vg1-6,560,3.071014285716021,3,25
vg1-7,573,3.8969857142880215,3,26
vg1-8,595,3.7441571428580174,3,27
vg1-9,611,3.891142857144022,3,28
vg1-10,631,3.926342857144016,3,29
vg1-11,647,3.73735714285802,3,30
vg1-12,665,3.708428571430013,3,31
vg1-13,687,3.7617428571440152,3,32
vg1-14,706,3.8005571428580103,3,33
vg1-15,727,3.198142857144008,3,34
vg1-16,740,3.0313428571440095,3,35
vg1-17,753,3.03441428571601,3,36
vg1-0,766,3.143014285716022,3,37
vg1-1,780,3.044457142860022,3,38
vg1-2,793,3.0261142857160244,3,39
vg1-3,806,3.0273857142880223,3,40
vg1-4,819,3.0426428571460176,3,41
vg1-5,832,3.1094000000020183,3,42
vg1-6,846,3.071014285716021,3,43
vg1-7,859,3.8969857142880215,3,44
vg1-8,880,3.7441571428580174,3,45
vg1-9,897,3.891142857144022,3,46
vg1-10,917,3.926342857144016,3,47
vg1-11,933,3.73735714285802,3,48
vg1-12,951,3.708428571430013,3,49
vg1-13,972,3.7617428571440152,3,50
vg1-14,992,3.8005571428580103,3,51
vg1-15,1012,3.198142857144008,3,52
vg1-16,1025,3.0313428571440095,3,53
vg1-17,1039,3.03441428571601,3,54
vg1-0,1052,3.143014285716022,3,55
vg1-1,1065,3.044457142860022,3,56
vg1-2,1079,3.0261142857160244,3,57
vg1-3,1092,3.0273857142880223,3,58
vg1-4,1105,3.0426428571460176,3,59
vg1-5,1118,3.1094000000020183,3,60
vg1-6,1131,3.071014285716021,3,61
vg1-7,1145,3.8969857142880215,3,62
vg1-8,1166,3.7441571428580174,3,63
vg1-9,1183,3.891142857144022,3,64
vg1-10,1203,3.926342857144016,3,65
vg1-11,1219,3.73735714285802,3,66
vg1-12,1237,3.708428571430013,3,67
vg1-13,1258,3.7617428571440152,3,68
vg1-14,1277,3.8005571428580103,3,69
vg1-15,1298,3.198142857144008,3,70
vg1-16,1311,3.0313428571440095,3,71
vg1-17,1324,3.03441428571601,3,72
vg1-0,1338,3.143014285716022,3,73
vg1-1,1351,3.044457142860022,3,74
vg1-2,1364,3.0261142857160244,3,75
vg1-3,1377,3.0273857142880223,3,76
vg1-4,1390,3.0426428571460176,3,77
vg1-5,1404,3.1094000000020183,3,78
vg1-6,1417,3.071014285716021,3,79
vg1-7,1430,3.8969857142880215,3,80
vg1-8,1452,3.7441571428580174,3,81
vg1-9,1468,3.891142857144022,3,82
vg1-10,1489,3.926342857144016,3,83
vg1-11,1505,3.73735714285802,3,84
vg1-12,1523,3.708428571430013,3,85
vg1-13,1544,3.7617428571440152,3,86
vg1-14,1563,3.8005571428580103,3,87
vg1-15,1584,3.198142857144008,3,88
vg1-16,1597,3.0313428571440095,3,89
vg1-17,1610,3.03441428571601,3,90
vg1-0,1623,3.143014285716022,3,91
vg1-1,1637,3.044457142860022,3,92
vg1-2,1650,3.0261142857160244,3,93
vg1-3,1663,3.0273857142880223,3,94
vg1-4,1676,3.0426428571460176,3,95
vg1-5,1689,3.1094000000020183,3,96
vg1-6,1703,3.071014285716021,3,97
vg1-7,1716,3.8969857142880215,3,98
vg1-8,1737,3.7441571428580174,3,99
vg1-9,1754,3.891142857144022,3,100
vg1-10,1774,3.926342857144016,3,101
vg1-11,1790,3.73735714285802,3,102
vg1-12,1808,3.708428571430013,3,103
vg1-13,1829,3.7617428571440152,3,104
vg1-14,1849,3.8005571428580103,3,105
vg1-15,1869,3.198142857144008,3,106
vg1-16,1883,3.0313428571440095,3,107
vg1-17,1896,3.03441428571601,3,108
vg1-0,1909,3.143014285716022,3,109
vg1-1,1923,3.044457142860022,3,110
vg1-2,1936,3.0261142857160244,3,111
vg1-3,1949,3.0273857142880223,3,112
vg1-4,1962,3.0426428571460176,3,113
vg1-5,1975,3.1094000000020183,3,114
vg1-6,1989,3.071014285716021,3,115
vg1-7,2002,3.8969857142880215,3,116
vg1-8,2023,3.7441571428580174,3,117
vg1-9,2040,3.891142857144022,3,118
vg1-10,2060,3.926342857144016,3,119
vg1-11,2076,3.73735714285802,3,120
vg1-12,2094,3.708428571430013,3,121
vg1-13,2115,3.7617428571440152,3,122
vg1-14,2135,3.8005571428580103,3,123
vg1-15,2155,3.198142857144008,3,124
vg1-16,2168,3.0313428571440095,3,125
vg1-17,2181,3.03441428571601,3,126
vg1-0,2195,3.143014285716022,3,127
vg1-1,2208,3.044457142860022,3,128
vg1-2,2221,3.0261142857160244,3,129
vg1-3,2235,3.0273857142880223,3,130
vg1-4,2247,3.0426428571460176,3,131
vg1-5,2261,3.1094000000020183,3,132
vg1-6,2274,3.071014285716021,3,133
vg1-7,2287,3.8969857142880215,3,134
vg1-8,2309,3.7441571428580174,3,135
vg1-9,2325,3.891142857144022,3,136
vg1-10,2346,3.926342857144016,3,137
vg1-11,2362,3.73735714285802,3,138
vg1-12,2380,3.708428571430013,3,139
vg1-13,2401,3.7617428571440152,3,140
vg1-14,2420,3.8005571428580103,3,141
vg1-15,2441,3.198142857144008,3,142
vg1-16,2454,3.0313428571440095,3,143
vg1-17,2467,3.03441428571601,3,144
vg1-0,2481,3.143014285716022,3,145
vg1-1,2494,3.044457142860022,3,146
vg1-2,2507,3.0261142857160244,3,147
vg1-3,2520,3.0273857142880223,3,148
vg1-4,2533,3.0426428571460176,3,149
vg1-5,2547,3.1094000000020183,3,150
vg1-6,2560,3.071014285716021,3,151
vg1-7,2573,3.8969857142880215,3,152
vg1-8,2595,3.7441571428580174,3,153
vg1-9,2611,3.891142857144022,3,154
vg1-10,2631,3.926342857144016,3,155
vg1-11,2647,3.73735714285802,3,156
vg1-12,2665,3.708428571430013,3,157
vg1-13,2687,3.7617428571440152,3,158
vg1-14,2706,3.8005571428580103,3,159
vg1-15,2727,3.198142857144008,3,160
vg1-16,2740,3.0313428571440095,3,161
vg1-17,2753,3.03441428571601,3,162
vg1-0,2766,3.143014285716022,3,163
vg1-1,2780,3.044457142860022,3,164
vg1-2,2793,3.0261142857160244,3,165
vg1-3,2806,3.0273857142880223,3,166
vg1-4,2819,3.0426428571460176,3,167
vg1-5,2832,3.1094000000020183,3,168
vg1-6,2846,3.071014285716021,3,169
vg1-7,2859,3.8969857142880215,3,170
vg1-8,2880,3.7441571428580174,3,171
vg1-9,2897,3.891142857144022,3,172
vg1-10,2917,3.926342857144016,3,173
vg1-11,2933,3.73735714285802,3,174
vg1-12,2951,3.708428571430013,3,175
vg1-13,2972,3.7617428571440152,3,176
vg1-14,2992,3.8005571428580103,3,177
vg1-15,3012,3.198142857144008,3,178
vg1-16,3025,3.0313428571440095,3,179
vg1-17,3039,3.03441428571601,3,180
vg1-0,3052,3.143014285716022,3,181
vg1-1,3065,3.044457142860022,3,182
vg1-2,3079,3.0261142857160244,3,183
vg1-3,3092,3.0273857142880223,3,184
vg1-4,3105,3.0426428571460176,3,185
vg1-5,3118,3.1094000000020183,3,186
vg1-6,3131,3.071014285716021,3,187
vg1-7,3145,3.8969857142880215,3,188
vg1-8,3166,3.7441571428580174,3,189
vg1-9,3183,3.891142857144022,3,190
vg1-10,3203,3.926342857144016,3,191
vg1-11,3219,3.73735714285802,3,192
vg1-12,3237,3.708428571430013,3,193
vg1-13,3258,3.7617428571440152,3,194
vg1-14,3277,3.8005571428580103,3,195
vg1-15,3298,3.198142857144008,3,196
vg1-16,3311,3.0313428571440095,3,197
vg1-17,3324,3.03441428571601,3,198
vg1-0,3338,3.143014285716022,3,199
vg1-1,3351,3.044457142860022,3,200
vg1-2,3364,3.0261142857160244,3,201
vg1-3,3377,3.0273857142880223,3,202
vg1-4,3390,3.0426428571460176,3,203
vg1-5,3404,3.1094000000020183,3,204
vg1-6,3417,3.071014285716021,3,205
vg1-7,3430,3.8969857142880215,3,206
vg1-8,3452,3.7441571428580174,3,207
vg1-9,3468,3.891142857144022,3,208
vg1-10,3489,3.926342857144016,3,209
vg1-11,3505,3.73735714285802,3,210
vg1-12,3523,3.708428571430013,3,211
vg1-13,3544,3.7617428571440152,3,212
vg1-14,3563,3.8005571428580103,3,213
vg1-15,3584,3.198142857144008,3,214
vg1-16,3597,3.0313428571440095,3,215
vg1-17,3610,3.03441428571601,3,216
vg1-0,3623,3.143014285716022,3,217
vg1-1,3637,3.044457142860022,3,218
vg1-2,3650,3.0261142857160244,3,219
vg1-3,3663,3.0273857142880223,3,220
vg1-4,3676,3.0426428571460176,3,221
vg1-5,3689,3.1094000000020183,3,222
vg1-6,3703,3.071014285716021,3,223
vg1-7,3716,3.8969857142880215,3,224
vg1-8,3737,3.7441571428580174,3,225
vg1-9,3754,3.891142857144022,3,226
vg1-10,3774,3.926342857144016,3,227
vg1-11,3790,3.73735714285802,3,228
vg1-12,3808,3.708428571430013,3,229
vg1-13,3829,3.7617428571440152,3,230
vg1-14,3849,3.8005571428580103,3,231
vg1-15,3869,3.198142857144008,3,232
vg1-16,3883,3.0313428571440095,3,233
vg1-17,3896,3.03441428571601,3,234
vg1-0,3909,3.143014285716022,3,235
vg1-1,3923,3.044457142860022,3,236
vg1-2,3936,3.0261142857160244,3,237
vg1-3,3949,3.0273857142880223,3,238
vg1-4,3962,3.0426428571460176,3,239
vg1-5,3975,3.1094000000020183,3,240
vg1-6,3989,3.071014285716021,3,241
vg1-7,4002,3.8969857142880215,3,242
vg1-8,4023,3.7441571428580174,3,243
vg1-9,4040,3.891142857144022,3,244
vg1-10,4060,3.926342857144016,3,245
vg1-11,4076,3.73735714285802,3,246
vg1-12,4094,3.708428571430013,3,247
vg1-13,4115,3.7617428571440152,3,248
vg1-14,4135,3.8005571428580103,3,249
vg1-15,4155,3.198142857144008,3,250
vg1-16,4168,3.0313428571440095,3,251
vg1-17,4181,3.03441428571601,3,252
vg1-0,4195,3.143014285716022,3,253
vg1-1,4208,3.044457142860022,3,254
vg1-2,4221,3.0261142857160244,3,255
vg1-3,4235,3.0273857142880223,3,256
vg1-4,4247,3.0426428571460176,3,257
vg1-5,4261,3.1094000000020183,3,258
vg1-6,4274,3.071014285716021,3,259
vg1-7,4287,3.8969857142880215,3,260
vg1-8,4309,3.7441571428580174,3,261
vg1-9,4325,3.891142857144022,3,262
vg1-10,4346,3.926342857144016,3,263
vg1-11,4362,3.73735714285802,3,264
vg1-12,4380,3.708428571430013,3,265
vg1-13,4401,3.7617428571440152,3,266
vg1-14,4420,3.8005571428580103,3,267
vg1-15,4441,3.198142857144008,3,268
vg1-16,4454,3.0313428571440095,3,269
vg1-17,4467,3.03441428571601,3,270
vg1-0,4481,3.143014285716022,3,271
vg1-1,4494,3.044457142860022,3,272
vg1-2,4507,3.0261142857160244,3,273
vg1-3,4520,3.0273857142880223,3,274
vg1-4,4533,3.0426428571460176,3,275
vg1-5,4547,3.1094000000020183,3,276
vg1-6,4560,3.071014285716021,3,277
vg1-7,4573,3.8969857142880215,3,278
vg1-8,4595,3.7441571428580174,3,279
vg1-9,4611,3.891142857144022,3,280
vg1-10,4631,3.926342857144016,3,281
vg1-11,4647,3.73735714285802,3,282
vg1-12,4665,3.708428571430013,3,283
vg1-13,4687,3.7617428571440152,3,284
vg1-14,4706,3.8005571428580103,3,285
vg1-15,4727,3.198142857144008,3,286
vg1-16,4740,3.0313428571440095,3,287
vg1-17,4753,3.03441428571601,3,288
vg1-0,4766,3.143014285716022,3,289
vg1-1,4780,3.044457142860022,3,290
vg1-2,4793,3.0261142857160244,3,291
vg1-3,4806,3.0273857142880223,3,292
vg1-4,4819,3.0426428571460176,3,293
vg1-5,4832,3.1094000000020183,3,294
vg1-6,4846,3.071014285716021,3,295
vg1-7,4859,3.8969857142880215,3,296
vg1-8,4880,3.7441571428580174,3,297
vg1-9,4897,3.891142857144022,3,298
vg1-10,4917,3.926342857144016,3,299
vg1-11,4933,3.73735714285802,3,300
vg1-12,4951,3.708428571430013,3,301
vg1-13,4972,3.7617428571440152,3,302
vg1-14,4992,3.8005571428580103,3,303
vg1-15,5012,3.198142857144008,3,304
vg1-16,5025,3.0313428571440095,3,305
vg1-17,5039,3.03441428571601,3,306
vg1-0,5052,3.143014285716022,3,307
vg1-1,5065,3.044457142860022,3,308
vg1-2,5079,3.0261142857160244,3,309
vg1-3,5092,3.0273857142880223,3,310
vg1-4,5105,3.0426428571460176,3,311
vg1-5,5118,3.1094000000020183,3,312
vg1-6,5131,3.071014285716021,3,313
vg1-7,5145,3.8969857142880215,3,314
vg1-8,5166,3.7441571428580174,3,315
vg1-9,5183,3.891142857144022,3,316
vg1-10,5203,3.926342857144016,3,317
vg1-11,5219,3.73735714285802,3,318
vg1-12,5237,3.708428571430013,3,319
vg1-13,5258,3.7617428571440152,3,320
vg1-14,5277,3.8005571428580103,3,321
vg1-15,5298,3.198142857144008,3,322
vg1-16,5311,3.0313428571440095,3,323
vg1-17,5324,3.03441428571601,3,324
vg1-0,5338,3.143014285716022,3,325
vg1-1,5351,3.044457142860022,3,326
vg1-2,5364,3.0261142857160244,3,327
vg1-3,5377,3.0273857142880223,3,328
vg1-4,5390,3.0426428571460176,3,329
vg1-5,5404,3.1094000000020183,3,330
vg1-6,5417,3.071014285716021,3,331
vg1-7,5430,3.8969857142880215,3,332
vg1-8,5452,3.7441571428580174,3,333
vg1-9,5468,3.891142857144022,3,334
vg1-10,5489,3.926342857144016,3,335
vg1-11,5505,3.73735714285802,3,336
vg1-12,5523,3.708428571430013,3,337
vg1-13,5544,3.7617428571440152,3,338
vg1-14,5563,3.8005571428580103,3,339
vg1-15,5584,3.198142857144008,3,340
vg1-16,5597,3.0313428571440095,3,341
vg1-17,5610,3.03441428571601,3,342
vg1-0,5623,3.143014285716022,3,343
vg1-1,5637,3.044457142860022,3,344
vg1-2,5650,3.0261142857160244,3,345
vg1-3,5663,3.0273857142880223,3,346
vg1-4,5676,3.0426428571460176,3,347
vg1-5,5689,3.1094000000020183,3,348
vg1-6,5703,3.071014285716021,3,349
vg1-7,5716,3.8969857142880215,3,350
vg1-8,5737,3.7441571428580174,3,351
vg1-9,5754,3.891142857144022,3,352
vg1-10,5774,3.926342857144016,3,353
vg1-11,5790,3.73735714285802,3,354
vg1-12,5808,3.708428571430013,3,355
vg1-13,5829,3.7617428571440152,3,356
vg1-14,5849,3.8005571428580103,3,357
vg1-15,5869,3.198142857144008,3,358
vg1-16,5883,3.0313428571440095,3,359
vg1-17,5896,3.03441428571601,3,360
vg1-0,5909,3.143014285716022,3,361
vg1-1,5923,3.044457142860022,3,362
vg1-2,5936,3.0261142857160244,3,363
vg1-3,5949,3.0273857142880223,3,364
vg1-4,5962,3.0426428571460176,3,365
vg1-5,5975,3.1094000000020183,3,366
vg1-6,5989,3.071014285716021,3,367
vg1-7,6002,3.8969857142880215,3,368
vg1-8,6023,3.7441571428580174,3,369
vg1-9,6040,3.891142857144022,3,370
vg1-10,6060,3.926342857144016,3,371
vg1-11,6076,3.73735714285802,3,372
vg1-12,6094,3.708428571430013,3,373
vg1-13,6115,3.7617428571440152,3,374
vg1-14,6135,3.8005571428580103,3,375
vg1-15,6155,3.198142857144008,3,376
vg1-16,6168,3.0313428571440095,3,377
vg1-17,6181,3.03441428571601,3,378
vg1-0,6195,3.143014285716022,3,379
vg1-1,6208,3.044457142860022,3,380
vg1-2,6221,3.0261142857160244,3,381
vg1-3,6235,3.0273857142880223,3,382
vg1-4,6247,3.0426428571460176,3,383
vg1-5,6261,3.1094000000020183,3,384
vg1-6,6274,3.071014285716021,3,385
vg1-7,6287,3.8969857142880215,3,386
vg1-8,6309,3.7441571428580174,3,387
vg1-9,6325,3.891142857144022,3,388
vg1-10,6346,3.926342857144016,3,389
vg1-11,6362,3.73735714285802,3,390
vg1-12,6380,3.708428571430013,3,391
vg1-13,6401,3.7617428571440152,3,392
vg1-14,6420,3.8005571428580103,3,393
vg1-15,6441,3.198142857144008,3,394
vg1-16,6454,3.0313428571440095,3,395
vg1-17,6467,3.03441428571601,3,396
vg1-0,6481,3.143014285716022,3,397
vg1-1,6494,3.044457142860022,3,398
vg1-2,6507,3.0261142857160244,3,399
vg1-3,6520,3.0273857142880223,3,400
vg1-4,6533,3.0426428571460176,3,401
vg1-5,6547,3.1094000000020183,3,402
vg1-6,6560,3.071014285716021,3,403
vg1-7,6573,3.8969857142880215,3,404
vg1-8,6595,3.7441571428580174,3,405
vg1-9,6611,3.891142857144022,3,406
vg1-10,6631,3.926342857144016,3,407
vg1-11,6647,3.73735714285802,3,408
vg1-12,6665,3.708428571430013,3,409
vg1-13,6687,3.7617428571440152,3,410
vg1-14,6706,3.8005571428580103,3,411
vg1-15,6727,3.198142857144008,3,412
vg1-16,6740,3.0313428571440095,3,413
vg1-17,6753,3.03441428571601,3,414
vg1-0,6766,3.143014285716022,3,415
vg1-1,6780,3.044457142860022,3,416
vg1-2,6793,3.0261142857160244,3,417
vg1-3,6806,3.0273857142880223,3,418
vg1-4,6819,3.0426428571460176,3,419
vg1-5,6832,3.1094000000020183,3,420
vg1-6,6846,3.071014285716021,3,421
vg1-7,6859,3.8969857142880215,3,422
vg1-8,6880,3.7441571428580174,3,423
vg1-9,6897,3.891142857144022,3,424
vg1-10,6917,3.926342857144016,3,425
vg1-11,6933,3.73735714285802,3,426
vg1-12,6951,3.708428571430013,3,427
vg1-13,6972,3.7617428571440152,3,428
vg1-14,6992,3.8005571428580103,3,429
vg1-15,7012,3.198142857144008,3,430
vg1-16,7025,3.0313428571440095,3,431
vg1-17,7039,3.03441428571601,3,432
vg1-0,7052,3.143014285716022,3,433
vg1-1,7065,3.044457142860022,3,434
vg1-2,7079,3.0261142857160244,3,435
vg1-3,7092,3.0273857142880223,3,436
vg1-4,7105,3.0426428571460176,3,437
vg1-5,7118,3.1094000000020183,3,438
vg1-6,7131,3.071014285716021,3,439
vg1-7,7145,3.8969857142880215,3,440
vg1-8,7166,3.7441571428580174,3,441
vg1-9,7183,3.891142857144022,3,442
vg1-10,7203,3.926342857144016,3,443
vg1-11,7219,3.73735714285802,3,444
vg1-12,7237,3.708428571430013,3,445
vg1-13,7258,3.7617428571440152,3,446
vg1-14,7277,3.8005571428580103,3,447
vg1-15,7298,3.198142857144008,3,448
vg1-16,7311,3.0313428571440095,3,449
vg1-17,7324,3.03441428571601,3,450
vg1-0,7338,3.143014285716022,3,451
vg1-1,7351,3.044457142860022,3,452
vg1-2,7364,3.0261142857160244,3,453
vg1-3,7377,3.0273857142880223,3,454
vg1-4,7390,3.0426428571460176,3,455
vg1-5,7404,3.1094000000020183,3,456
vg1-6,7417,3.071014285716021,3,457
vg1-7,7430,3.8969857142880215,3,458
vg1-8,7452,3.7441571428580174,3,459
vg1-9,7468,3.891142857144022,3,460
vg1-10,7489,3.926342857144016,3,461
vg1-11,7505,3.73735714285802,3,462
vg1-12,7523,3.708428571430013,3,463
vg1-13,7544,3.7617428571440152,3,464
vg1-14,7563,3.8005571428580103,3,465
vg1-15,7584,3.198142857144008,3,466
vg1-16,7597,3.0313428571440095,3,467
vg1-17,7610,3.03441428571601,3,468
vg1-0,7623,3.143014285716022,3,469
vg1-1,7637,3.044457142860022,3,470
vg1-2,7650,3.0261142857160244,3,471
vg1-3,7663,3.0273857142880223,3,472
vg1-4,7676,3.0426428571460176,3,473
vg1-5,7689,3.1094000000020183,3,474
vg1-6,7703,3.071014285716021,3,475
vg1-7,7716,3.8969857142880215,3,476
vg1-8,7737,3.7441571428580174,3,477
vg1-9,7754,3.891142857144022,3,478
vg1-10,7774,3.926342857144016,3,479
vg1-11,7790,3.73735714285802,3,480
vg1-12,7808,3.708428571430013,3,481
vg1-13,7829,3.7617428571440152,3,482
vg1-14,7849,3.8005571428580103,3,483
vg1-15,7869,3.198142857144008,3,484
vg1-16,7883,3.0313428571440095,3,485
vg1-17,7896,3.03441428571601,3,486
vg1-0,7909,3.143014285716022,3,487
vg1-1,7923,3.044457142860022,3,488
vg1-2,7936,3.0261142857160244,3,489
vg1-3,7949,3.0273857142880223,3,490
vg1-4,7962,3.0426428571460176,3,491
vg1-5,7975,3.1094000000020183,3,492
vg1-6,7989,3.071014285716021,3,493
vg1-7,8002,3.8969857142880215,3,494
vg1-8,8023,3.7441571428580174,3,495
vg1-9,8040,3.891142857144022,3,496
vg1-10,8060,3.926342857144016,3,497
vg1-11,8076,3.73735714285802,3,498
vg1-12,8094,3.708428571430013,3,499
vg1-13,8115,3.7617428571440152,3,500
vg1-14,8135,3.8005571428580103,3,501
vg1-15,8155,3.198142857144008,3,502
vg1-16,8168,3.0313428571440095,3,503
vg1-17,8181,3.03441428571601,3,504
vg1-0,8195,3.143014285716022,3,505
vg1-1,8208,3.044457142860022,3,506
vg1-2,8221,3.0261142857160244,3,507
vg1-3,8235,3.0273857142880223,3,508
vg1-4,8247,3.0426428571460176,3,509
vg1-5,8261,3.1094000000020183,3,510
vg1-6,8274,3.071014285716021,3,511
vg1-7,8287,3.8969857142880215,3,512
vg1-8,8309,3.7441571428580174,3,513
vg1-9,8325,3.891142857144022,3,514
vg1-10,8346,3.926342857144016,3,515
vg1-11,8362,3.73735714285802,3,516
vg1-12,8380,3.708428571430013,3,517
vg1-13,8401,3.7617428571440152,3,518
vg1-14,8420,3.8005571428580103,3,519
vg1-15,8441,3.198142857144008,3,520
vg1-16,8454,3.0313428571440095,3,521
vg1-17,8467,3.03441428571601,3,522
vg1-0,8481,3.143014285716022,3,523
vg1-1,8494,3.044457142860022,3,524
vg1-2,8507,3.0261142857160244,3,525
vg1-3,8520,3.0273857142880223,3,526
vg1-4,8533,3.0426428571460176,3,527
vg1-5,8547,3.1094000000020183,3,528
vg1-6,8560,3.071014285716021,3,529
vg1-7,8573,3.8969857142880215,3,530
vg1-8,8595,3.7441571428580174,3,531
vg1-9,8611,3.891142857144022,3,532
vg1-10,8631,3.926342857144016,3,533
vg1-11,8647,3.73735714285802,3,534
vg1-12,8665,3.708428571430013,3,535
vg1-13,8687,3.7617428571440152,3,536
vg1-14,8706,3.8005571428580103,3,537
vg1-15,8727,3.198142857144008,3,538
vg1-16,8740,3.0313428571440095,3,539
vg1-17,8753,3.03441428571601,3,540
vg1-0,8766,3.143014285716022,3,541
vg1-1,8780,3.044457142860022,3,542
vg1-2,8793,3.0261142857160244,3,543
vg1-3,8806,3.0273857142880223,3,544
vg1-4,8819,3.0426428571460176,3,545
vg1-5,8832,3.1094000000020183,3,546
vg1-6,8846,3.071014285716021,3,547
vg1-7,8859,3.8969857142880215,3,548
vg1-8,8880,3.7441571428580174,3,549
vg1-9,8897,3.891142857144022,3,550
vg1-10,8917,3.926342857144016,3,551
vg1-11,8933,3.73735714285802,3,552
vg1-12,8951,3.708428571430013,3,553
vg1-13,8972,3.7617428571440152,3,554
vg1-14,8992,3.8005571428580103,3,555
vg1-15,9012,3.198142857144008,3,556
vg1-16,9025,3.0313428571440095,3,557
vg1-17,9039,3.03441428571601,3,558
vg1-0,9052,3.143014285716022,3,559
vg1-1,9065,3.044457142860022,3,560
vg1-2,9079,3.0261142857160244,3,561
vg1-3,9092,3.0273857142880223,3,562
vg1-4,9105,3.0426428571460176,3,563
vg1-5,9118,3.1094000000020183,3,564
vg1-6,9131,3.071014285716021,3,565
vg1-7,9145,3.8969857142880215,3,566
vg1-8,9166,3.7441571428580174,3,567
vg1-9,9183,3.891142857144022,3,568
vg1-10,9203,3.926342857144016,3,569
vg1-11,9219,3.73735714285802,3,570
vg1-12,9237,3.708428571430013,3,571
vg1-13,9258,3.7617428571440152,3,572
vg1-14,9277,3.8005571428580103,3,573
vg1-15,9298,3.198142857144008,3,574
vg1-16,9311,3.0313428571440095,3,575
vg1-17,9324,3.03441428571601,3,576
vg1-0,9338,3.143014285716022,3,577
vg1-1,9351,3.044457142860022,3,578
vg1-2,9364,3.0261142857160244,3,579
vg1-3,9377,3.0273857142880223,3,580
vg1-4,9390,3.0426428571460176,3,581
vg1-5,9404,3.1094000000020183,3,582
vg1-6,9417,3.071014285716021,3,583
vg1-7,9430,3.8969857142880215,3,584
vg1-8,9452,3.7441571428580174,3,585
vg1-9,9468,3.891142857144022,3,586
vg1-10,9489,3.926342857144016,3,587
vg1-11,9505,3.73735714285802,3,588
vg1-12,9523,3.708428571430013,3,589
vg1-13,9544,3.7617428571440152,3,590
vg1-14,9563,3.8005571428580103,3,591
vg1-15,9584,3.198142857144008,3,592
vg1-16,9597,3.0313428571440095,3,593
vg1-17,9610,3.03441428571601,3,594
vg1-0,9623,3.143014285716022,3,595
vg1-1,9637,3.044457142860022,3,596
vg1-2,9650,3.0261142857160244,3,597
vg1-3,9663,3.0273857142880223,3,598
vg1-4,9676,3.0426428571460176,3,599
vg1-5,9689,3.1094000000020183,3,600
vg1-6,9703,3.071014285716021,3,601
vg1-7,9716,3.8969857142880215,3,602
vg1-8,9737,3.7441571428580174,3,603
vg1-9,9754,3.891142857144022,3,604
vg1-10,9774,3.926342857144016,3,605
vg1-11,9790,3.73735714285802,3,606
vg1-12,9808,3.708428571430013,3,607
vg1-13,9829,3.7617428571440152,3,608
vg1-14,9849,3.8005571428580103,3,609
vg1-15,9869,3.198142857144008,3,610
vg1-16,9883,3.0313428571440095,3,611
vg1-17,9896,3.03441428571601,3,612
vg1-0,9909,3.143014285716022,3,613
vg1-1,9923,3.044457142860022,3,614
vg1-2,9936,3.0261142857160244,3,615
vg1-3,9949,3.0273857142880223,3,616
vg1-4,9962,3.0426428571460176,3,617
vg1-5,9975,3.1094000000020183,3,618
vg1-6,9989,3.071014285716021,3,619
vg1-7,10002,3.8969857142880215,3,620
vg1-8,10023,3.7441571428580174,3,621
vg1-9,10040,3.891142857144022,3,622
vg1-10,10060,3.926342857144016,3,623
vg1-11,10076,3.73735714285802,3,624
vg1-12,10094,3.708428571430013,3,625
vg1-13,10115,3.7617428571440152,3,626
vg1-14,10135,3.8005571428580103,3,627
vg1-15,10155,3.198142857144008,3,628
vg1-16,10168,3.0313428571440095,3,629
vg1-17,10181,3.03441428571601,3,630
vg1-0,10195,3.143014285716022,3,631
vg1-1,10208,3.044457142860022,3,632
vg1-2,10221,3.0261142857160244,3,633
vg1-3,10235,3.0273857142880223,3,634
vg1-4,10247,3.0426428571460176,3,635
vg1-5,10261,3.1094000000020183,3,636
vg1-6,10274,3.071014285716021,3,637
vg1-7,10287,3.8969857142880215,3,638
vg1-8,10309,3.7441571428580174,3,639
vg1-9,10325,3.891142857144022,3,640
vg1-10,10346,3.926342857144016,3,641
vg1-11,10362,3.73735714285802,3,642
vg1-12,10380,3.708428571430013,3,643
vg1-13,10401,3.7617428571440152,3,644
vg1-14,10420,3.8005571428580103,3,645
vg1-15,10441,3.198142857144008,3,646
vg1-16,10454,3.0313428571440095,3,647
vg1-17,10467,3.03441428571601,3,648
vg1-0,10481,3.143014285716022,3,649
vg1-1,10494,3.044457142860022,3,650
vg1-2,10507,3.0261142857160244,3,651
vg1-3,10520,3.0273857142880223,3,652
vg1-4,10533,3.0426428571460176,3,653
vg1-5,10547,3.1094000000020183,3,654
vg1-6,10560,3.071014285716021,3,655
vg1-7,10573,3.8969857142880215,3,656
vg1-8,10595,3.7441571428580174,3,657
vg1-9,10611,3.891142857144022,3,658
vg1-10,10631,3.926342857144016,3,659
vg1-11,10647,3.73735714285802,3,660
vg1-12,10665,3.708428571430013,3,661
vg1-13,10687,3.7617428571440152,3,662
vg1-14,10706,3.8005571428580103,3,663
vg1-15,10727,3.198142857144008,3,664
vg1-16,10740,3.0313428571440095,3,665
vg1-17,10753,3.03441428571601,3,666
vg1-0,10766,3.143014285716022,3,667
vg1-1,10780,3.044457142860022,3,668
vg1-2,10793,3.0261142857160244,3,669
vg1-3,10806,3.0273857142880223,3,670
vg1-4,10819,3.0426428571460176,3,671
vg1-5,10832,3.1094000000020183,3,672
vg1-6,10846,3.071014285716021,3,673
vg1-7,10859,3.8969857142880215,3,674
vg1-8,10880,3.7441571428580174,3,675
vg1-9,10897,3.891142857144022,3,676
vg1-10,10917,3.926342857144016,3,677
vg1-11,10933,3.73735714285802,3,678
vg1-12,10951,3.708428571430013,3,679
vg1-13,10972,3.7617428571440152,3,680
vg1-14,10992,3.8005571428580103,3,681
vg1-15,11012,3.198142857144008,3,682
vg1-16,11025,3.0313428571440095,3,683
vg1-17,11039,3.03441428571601,3,684
vg1-0,11052,3.143014285716022,3,685
vg1-1,11065,3.044457142860022,3,686
vg1-2,11079,3.0261142857160244,3,687
vg1-3,11092,3.0273857142880223,3,688
vg1-4,11105,3.0426428571460176,3,689
vg1-5,11118,3.1094000000020183,3,690
vg1-6,11131,3.071014285716021,3,691
vg1-7,11145,3.8969857142880215,3,692
vg1-8,11166,3.7441571428580174,3,693
vg1-9,11183,3.891142857144022,3,694
vg1-10,11203,3.926342857144016,3,695
vg1-11,11219,3.73735714285802,3,696
vg1-12,11237,3.708428571430013,3,697
vg1-13,11258,3.7617428571440152,3,698
vg1-14,11277,3.8005571428580103,3,699
vg1-15,11298,3.198142857144008,3,700
vg1-16,11311,3.0313428571440095,3,701
vg1-17,11324,3.03441428571601,3,702
vg1-0,11338,3.143014285716022,3,703
vg1-1,11351,3.044457142860022,3,704
vg1-2,11364,3.0261142857160244,3,705
vg1-3,11377,3.0273857142880223,3,706
vg1-4,11390,3.0426428571460176,3,707
vg1-5,11404,3.1094000000020183,3,708
vg1-6,11417,3.071014285716021,3,709
vg1-7,11430,3.8969857142880215,3,710
vg1-8,11452,3.7441571428580174,3,711
vg1-9,11468,3.891142857144022,3,712
vg1-10,11489,3.926342857144016,3,713
vg1-11,11505,3.73735714285802,3,714
vg1-12,11523,3.708428571430013,3,715
vg1-13,11544,3.7617428571440152,3,716
vg1-14,11563,3.8005571428580103,3,717
vg1-15,11584,3.198142857144008,3,718
vg1-16,11597,3.0313428571440095,3,719
vg1-17,11610,3.03441428571601,3,720
vg1-0,11623,3.143014285716022,3,721
vg1-1,11637,3.044457142860022,3,722
vg1-2,11650,3.0261142857160244,3,723
vg1-3,11663,3.0273857142880223,3,724
vg1-4,11676,3.0426428571460176,3,725
vg1-5,11689,3.1094000000020183,3,726
vg1-6,11703,3.071014285716021,3,727
vg1-7,11716,3.8969857142880215,3,728
vg1-8,11737,3.7441571428580174,3,729
vg1-9,11754,3.891142857144022,3,730
vg1-10,11774,3.926342857144016,3,731
vg1-11,11790,3.73735714285802,3,732
vg1-12,11808,3.708428571430013,3,733
vg1-13,11829,3.7617428571440152,3,734
vg1-14,11849,3.8005571428580103,3,735
vg1-15,11869,3.198142857144008,3,736
vg1-16,11883,3.0313428571440095,3,737
vg1-17,11896,3.03441428571601,3,738
vg1-0,11909,3.143014285716022,3,739
vg1-1,11923,3.044457142860022,3,740
vg1-2,11936,3.0261142857160244,3,741
vg1-3,11949,3.0273857142880223,3,742
vg1-4,11962,3.0426428571460176,3,743
vg1-5,11975,3.1094000000020183,3,744
vg1-6,11989,3.071014285716021,3,745
vg1-7,12002,3.8969857142880215,3,746
vg1-8,12023,3.7441571428580174,3,747
vg1-9,12040,3.891142857144022,3,748
vg1-10,12060,3.926342857144016,3,749
vg1-11,12076,3.73735714285802,3,750
vg1-12,12094,3.708428571430013,3,751
vg1-13,12115,3.7617428571440152,3,752
vg1-14,12135,3.8005571428580103,3,753
vg1-15,12155,3.198142857144008,3,754
vg1-16,12168,3.0313428571440095,3,755
vg1-17,12181,3.03441428571601,3,756
vg1-0,12195,3.143014285716022,3,757
vg1-1,12208,3.044457142860022,3,758
vg1-2,12221,3.0261142857160244,3,759
vg1-3,12235,3.0273857142880223,3,760
vg1-4,12247,3.0426428571460176,3,761
vg1-5,12261,3.1094000000020183,3,762
vg1-6,12274,3.071014285716021,3,763
vg1-7,12287,3.8969857142880215,3,764
vg1-8,12309,3.7441571428580174,3,765
vg1-9,12325,3.891142857144022,3,766
vg1-10,12346,3.926342857144016,3,767
vg1-11,12362,3.73735714285802,3,768
vg1-12,12380,3.708428571430013,3,769
vg1-13,12401,3.7617428571440152,3,770
vg1-14,12420,3.8005571428580103,3,771
vg1-15,12441,3.198142857144008,3,772
vg1-16,12454,3.0313428571440095,3,773
vg1-17,12467,3.03441428571601,3,774
vg1-0,12481,3.143014285716022,3,775
vg1-1,12494,3.044457142860022,3,776
vg1-2,12507,3.0261142857160244,3,777
vg1-3,12520,3.0273857142880223,3,778
vg1-4,12533,3.0426428571460176,3,779
vg1-5,12547,3.1094000000020183,3,780
vg1-6,12560,3.071014285716021,3,781
vg1-7,12573,3.8969857142880215,3,782
vg1-8,12595,3.7441571428580174,3,783
vg1-9,12611,3.891142857144022,3,784
vg1-10,12631,3.926342857144016,3,785
vg1-11,12647,3.73735714285802,3,786
vg1-12,12665,3.708428571430013,3,787
vg1-13,12687,3.7617428571440152,3,788
vg1-14,12706,3.8005571428580103,3,789
vg1-15,12727,3.198142857144008,3,790
vg1-16,12740,3.0313428571440095,3,791
vg1-17,12753,3.03441428571601,3,792
vg1-0,12766,3.143014285716022,3,793
vg1-1,12780,3.044457142860022,3,794
vg1-2,12793,3.0261142857160244,3,795
vg1-3,12806,3.0273857142880223,3,796
vg1-4,12819,3.0426428571460176,3,797
vg1-5,12832,3.1094000000020183,3,798
vg1-6,12846,3.071014285716021,3,799
vg1-7,12859,3.8969857142880215,3,800
vg1-8,12880,3.7441571428580174,3,801
vg1-9,12897,3.891142857144022,3,802
vg1-10,12917,3.926342857144016,3,803
vg1-11,12933,3.73735714285802,3,804
vg1-12,12951,3.708428571430013,3,805
vg1-13,12972,3.7617428571440152,3,806
vg1-14,12992,3.8005571428580103,3,807
vg1-15,13012,3.198142857144008,3,808
vg1-16,13025,3.0313428571440095,3,809
vg1-17,13039,3.03441428571601,3,810
vg1-0,13052,3.143014285716022,3,811
vg1-1,13065,3.044457142860022,3,812
vg1-2,13079,3.0261142857160244,3,813
vg1-3,13092,3.0273857142880223,3,814
vg1-4,13105,3.0426428571460176,3,815
vg1-5,13118,3.1094000000020183,3,816
vg1-6,13131,3.071014285716021,3,817
vg1-7,13145,3.8969857142880215,3,818
vg1-8,13166,3.7441571428580174,3,819
vg1-9,13183,3.891142857144022,3,820
vg1-10,13203,3.926342857144016,3,821
vg1-11,13219,3.73735714285802,3,822
vg1-12,13237,3.708428571430013,3,823
vg1-13,13258,3.7617428571440152,3,824
vg1-14,13277,3.8005571428580103,3,825
vg1-15,13298,3.198142857144008,3,826
vg1-16,13311,3.0313428571440095,3,827
vg1-17,13324,3.03441428571601,3,828
