id,tick,speed(float),speed(discrete),Tot v
vehG-0,120,4.114285714286005,4,1
vehG-1,133,4.457700000000006,4,2
vehG-2,163,5.053885714286006,5,3
vehG-0,180,5.086285714286014,5,4
vehG-1,242,4.712700000000005,4,5
vehG-2,253,5.078185714286005,5,6
vehG-0,272,4.765542857146021,4,7
vehG-1,368,4.848642857144004,4,8
vehG-2,382,5.010557142858005,5,9
vehG-0,393,5.156442857144004,5,10
vehG-1,484,5.082900000000004,5,11
vehG-2,518,5.138185714286004,5,12
vehG-0,602,5.114057142858004,5,13
vehG-1,626,5.013385714286006,5,14
vehG-2,744,5.088342857144002,5,15
vehG-0,775,5.101500000000004,5,16
vehG-1,848,5.069100000000004,5,17
vehG-2,876,5.013385714286006,5,18
vehG-0,958,5.135785714286005,5,19
vehG-1,1061,5.082557142858004,5,20
vehG-2,1091,4.955700000000004,4,21
vehG-0,1129,4.848085714286002,4,22
vehG-1,1195,5.054957142858004,5,23
vehG-2,1207,5.142471428572007,5,24
vehG-0,1217,4.361314285716013,4,25
vehG-1,1356,4.705157142858005,4,26
vehG-2,1377,5.064385714286005,5,27
vehG-0,1390,5.232985714286005,5,28
vehG-1,1462,5.221242857144007,5,29
vehG-2,1474,4.630842857144006,4,30
vehG-0,1497,4.980985714286003,4,31
vehG-1,1566,5.135785714286003,5,32
vehG-2,1598,4.788900000000003,4,33
vehG-0,1611,4.835100000000005,4,34
vehG-1,1626,5.054785714286011,5,35
vehG-2,1734,5.227371428572004,5,36
vehG-0,1818,4.129071428572004,4,37
vehG-1,1856,5.091985714286004,5,38
vehG-2,1867,5.036700000000007,5,39
vehG-0,1950,5.089585714286006,5,40
vehG-1,1984,5.216871428572005,5,41
