id,tick,speed(float),speed(discrete),Tot v
vehG-0,117,5.0,5,1
vehG-1,135,5.0,5,2
vehG-2,147,4.676,4,3
vehG-3,162,3.981371428572001,3,4
vehG-4,173,5.0,5,5
vehG-5,237,5.0,5,6
vehG-0,249,4.676,4,7
vehG-1,262,5.0,5,8
vehG-2,274,4.595000000000001,4,9
vehG-3,286,4.676,4,10
vehG-4,301,4.595000000000001,4,11
vehG-5,314,4.0280000000000005,4,12
vehG-0,329,4.178000000000001,4,13
vehG-1,397,5.0,5,14
vehG-2,419,4.910442857144005,4,15
vehG-3,433,4.597242857144004,4,16
vehG-4,443,4.676,4,17
vehG-5,456,4.131385714286005,4,18
vehG-0,503,5.0,5,19
vehG-1,516,5.0,5,20
vehG-2,529,4.606400000000002,4,21
vehG-3,541,5.0,5,22
vehG-4,554,3.912200000000001,3,23
vehG-5,569,4.166600000000002,4,24
vehG-0,618,4.595000000000001,4,25
vehG-1,634,5.0,5,26
vehG-2,650,5.0,5,27
vehG-3,667,4.316357142858006,4,28
vehG-4,676,3.818700000000006,3,29
vehG-5,687,4.084500000000006,4,30
vehG-0,741,5.0,5,31
vehG-1,753,4.9190000000000005,4,32
vehG-2,767,5.0,5,33
vehG-3,778,4.9190000000000005,4,34
vehG-4,793,3.8888857142860016,3,35
vehG-5,807,4.571700000000007,4,36
vehG-0,820,5.0,5,37
vehG-1,834,4.514000000000001,4,38
vehG-2,887,5.0,5,39
vehG-3,901,3.842685714286001,3,40
vehG-4,914,4.617800000000003,4,41
vehG-5,926,5.0,5,42
vehG-0,938,4.676,4,43
vehG-1,953,4.629300000000008,4,44
vehG-2,967,4.514000000000001,4,45
vehG-3,980,3.912200000000001,3,46
vehG-4,1056,5.0,5,47
vehG-5,1069,4.676000000000002,4,48
vehG-0,1084,4.9190000000000005,4,49
vehG-1,1097,5.0,5,50
vehG-2,1108,5.0,5,51
vehG-3,1119,4.026985714286006,4,52
vehG-4,1134,4.037600000000005,4,53
