id,tick,speed(float),speed(discrete),Tot v
vehG-0,179,4.352,4,1
vehG-1,197,4.271000000000001,4,2
vehG-2,209,4.9190000000000005,4,3
vehG-3,228,5.0,5,4
vehG-0,309,5.0,5,5
vehG-1,322,4.676,4,6
vehG-2,339,5.0,5,7
vehG-3,361,4.9190000000000005,4,8
vehG-0,450,4.838000000000001,4,9
vehG-1,467,4.271000000000001,4,10
vehG-2,490,5.0,5,11
vehG-3,562,5.0,5,12
vehG-0,578,5.0,5,13
vehG-1,599,5.0,5,14
vehG-2,709,4.352,4,15
vehG-3,725,5.0,5,16
vehG-0,747,5.0,5,17
vehG-1,761,4.821885714286009,4,18
vehG-2,849,5.0,5,19
