id,tick,speed(float),speed(discrete),Tot v
vehG-0,29,5.202371428572002,5,1
vehG-0,52,4.716371428572003,4,2
vehG-0,81,5.0857142857160085,5,3
vehG-0,112,5.045171428576012,5,4
vehG-0,171,5.1058714285720015,5,5
vehG-0,196,5.0248714285720055,5,6
vehG-0,226,4.9341000000020125,4,7
vehG-0,251,4.691100000002019,4,8
vehG-0,319,4.082828571432021,4,9
vehG-0,345,5.1472285714320245,5,10
vehG-0,368,4.823228571432026,4,11
vehG-0,392,5.14722857143203,5,12
vehG-0,421,5.215971428576037,5,13
vehG-0,445,5.019171428576042,5,14
vehG-0,472,4.85717142857605,4,15
vehG-0,495,5.019171428576053,5,16
vehG-0,520,5.0191714285760565,5,17
vehG-0,545,5.181171428576061,5,18
vehG-0,569,5.1925714285760645,5,19
vehG-0,621,4.541828571434069,4,20
vehG-0,645,5.027828571434071,5,21
vehG-0,671,5.236028571434076,5,22
vehG-0,695,4.91202857143408,4,23
vehG-0,728,5.095971428580083,5,24
vehG-0,796,5.075528571430001,5,25
vehG-0,820,5.237528571430004,5,26
vehG-0,845,5.237528571430011,5,27
vehG-0,877,5.085728571432017,5,28
vehG-0,920,4.33470000000602,4,29
vehG-0,950,4.1955000000060245,4,30
vehG-0,974,4.924500000006029,4,31
vehG-0,1043,5.065371428572002,5,32
vehG-0,1065,5.146371428572003,5,33
vehG-0,1089,5.227371428572006,5,34
vehG-0,1112,5.227371428572008,5,35
vehG-0,1137,4.787571428572013,4,36
vehG-0,1193,4.538785714286003,4,37
vehG-0,1217,5.186785714286006,5,38
vehG-0,1241,5.10578571428601,5,39
vehG-0,1303,5.1793285714300135,5,40
vehG-0,1329,5.017328571430018,5,41
vehG-0,1352,5.098328571430021,5,42
vehG-0,1376,5.017328571430023,5,43
vehG-0,1453,5.085942857144002,5,44
vehG-0,1476,5.085942857144004,5,45
vehG-0,1500,5.0859428571440075,5,46
vehG-0,1524,5.166942857144011,5,47
vehG-0,1547,5.166942857144012,5,48
vehG-0,1575,5.166171428574018,5,49
vehG-0,1627,5.015314285718021,5,50
vehG-0,1650,4.934314285718023,4,51
vehG-0,1673,5.096314285718024,5,52
vehG-0,1697,5.142514285718028,5,53
