id,tick,speed(float),speed(discrete),Tot v
vehG-0,34,5.0285428571440045,5,1
vehG-0,58,5.028542857144008,5,2
vehG-0,121,4.36125714286001,4,3
vehG-0,148,5.0902571428600165,5,4
vehG-0,172,5.009257142860019,5,5
vehG-0,195,4.604257142860021,4,6
vehG-0,220,5.090257142860027,5,7
vehG-0,266,4.1105428571480305,4,8
vehG-0,291,4.9205428571480345,4,9
vehG-0,314,5.001542857148036,5,10
vehG-0,337,4.758542857148037,4,11
vehG-0,360,5.16354285714804,5,12
vehG-0,433,5.032185714292044,5,13
vehG-0,458,5.194185714292049,5,14
vehG-0,484,5.1131857142920545,5,15
vehG-0,508,5.0321857142920585,5,16
vehG-0,562,4.666657142866061,4,17
vehG-0,586,5.1526571428660635,5,18
vehG-0,609,5.152657142866065,5,19
vehG-0,632,5.0716571428660675,5,20
vehG-0,656,4.747657142866069,4,21
vehG-0,733,5.231642857154073,5,22
