id,tick,speed(float),speed(discrete),Tot v
vehG-0,141,5.0,5,1
vehG-1,173,4.350542857146005,4,2
vehG-2,185,4.928600000000005,4,3
vehG-3,244,4.676,4,4
vehG-4,278,4.9190000000000005,4,5
vehG-5,291,4.352,4,6
vehG-6,303,4.676,4,7
vehG-7,317,4.838000000000001,4,8
vehG-8,354,4.444400000000003,4,9
vehG-0,387,3.947000000000001,3,10
vehG-1,402,4.838000000000001,4,11
vehG-2,414,5.0,5,12
vehG-3,430,5.0,5,13
vehG-4,444,5.0,5,14
vehG-5,460,4.814600000000003,4,15
vehG-6,494,4.9190000000000005,4,16
vehG-7,510,5.0,5,17
vehG-8,526,5.0,5,18
vehG-0,543,5.0,5,19
vehG-1,556,5.0,5,20
vehG-2,635,3.4029714285720014,3,21
vehG-3,649,3.7730000000000015,3,22
vehG-4,671,3.6435000000020112,3,23
vehG-5,684,4.143600000000008,4,24
vehG-6,696,3.677100000000009,3,25
vehG-7,743,4.062285714286005,4,26
vehG-8,758,4.676,4,27
vehG-0,771,4.385600000000006,4,28
vehG-1,784,4.061600000000006,4,29
vehG-2,800,4.166000000000002,4,30
vehG-3,850,5.0,5,31
