id,tick,speed(float),speed(discrete),Tot v
vehG-0,44,4.926685714286003,4,1
vehG-0,97,5.011714285716007,5,2
vehG-0,120,5.173714285716008,5,3
vehG-0,143,5.09271428571601,5,4
vehG-0,204,5.159185714286002,5,5
vehG-0,228,5.159185714286004,5,6
vehG-0,250,5.240185714286005,5,7
vehG-0,301,5.123700000002008,5,8
vehG-0,325,4.556700000002011,4,9
vehG-0,348,5.123700000002013,5,10
vehG-0,391,4.785128571432017,4,11
vehG-0,415,5.10912857143202,5,12
vehG-0,438,5.190128571432021,5,13
vehG-0,478,4.298785714290025,4,14
vehG-0,502,5.108785714290029,5,15
vehG-0,526,5.027785714290031,5,16
vehG-0,550,5.189785714290034,5,17
vehG-0,576,4.946785714290039,4,18
vehG-0,622,4.863042857148044,4,19
vehG-0,647,5.0250428571480485,5,20
vehG-0,671,4.863042857148051,4,21
vehG-0,717,5.178257142864055,5,22
vehG-0,741,4.692257142864058,4,23
vehG-0,765,5.097257142864061,5,24
vehG-0,789,5.016257142864065,5,25
vehG-0,818,5.177828571436069,5,26
vehG-0,843,5.177828571436073,5,27
vehG-0,866,5.0158285714360735,5,28
vehG-0,890,5.015828571436077,5,29
vehG-0,913,5.015828571436079,5,30
vehG-0,937,5.096828571436082,5,31
vehG-0,969,5.121771428580085,5,32
vehG-0,994,5.121771428580089,5,33
vehG-0,1018,4.878771428580092,4,34
vehG-0,1041,5.121771428580094,5,35
vehG-0,1071,5.109857142866099,5,36
vehG-0,1128,5.234142857154103,5,37
vehG-0,1152,5.072142857154105,5,38
vehG-0,1182,4.84020000001211,4,39
vehG-0,1206,5.002200000012112,5,40
vehG-0,1238,5.1637714285841145,5,41
vehG-0,1263,5.001771428584119,5,42
vehG-0,1286,5.08277142858412,5,43
vehG-0,1308,5.001771428584121,5,44
vehG-0,1332,5.001771428584123,5,45
vehG-0,1356,4.434771428584126,4,46
vehG-0,1397,5.1164571428721315,5,47
vehG-0,1420,5.116457142872133,5,48
vehG-0,1444,5.116457142872137,5,49
vehG-0,1471,4.68805714287214,4,50
vehG-0,1515,5.239585714302143,5,51
vehG-0,1539,5.158585714302145,5,52
vehG-0,1562,5.158585714302147,5,53
vehG-0,1585,5.1585857143021485,5,54
vehG-0,1609,5.239585714302152,5,55
vehG-0,1660,5.003014285732155,5,56
vehG-0,1684,5.003014285732158,5,57
vehG-0,1708,5.003014285732162,5,58
vehG-0,1781,5.021485714286002,5,59
vehG-0,1804,5.183485714286005,5,60
vehG-0,1828,5.102485714286007,5,61
vehG-0,1852,4.85948571428601,4,62
vehG-0,1906,5.1435428571440145,5,63
vehG-0,1933,5.039228571430018,5,64
vehG-0,1958,5.120228571430022,5,65
vehG-0,1982,4.877228571430026,4,66
vehG-0,2006,5.039228571430028,5,67
vehG-0,2046,5.2216285714320305,5,68
vehG-0,2069,5.140628571432033,5,69
vehG-0,2093,4.735628571432035,4,70
vehG-0,2119,5.05962857143204,5,71
vehG-0,2142,5.059628571432042,5,72
vehG-0,2172,5.094000000004046,5,73
vehG-0,2196,4.851000000004049,4,74
vehG-0,2220,5.094000000004051,5,75
vehG-0,2244,4.8510000000040545,4,76
vehG-0,2273,5.16308571429006,5,77
vehG-0,2297,4.677085714290063,4,78
vehG-0,2321,5.163085714290065,5,79
vehG-0,2346,5.0010857142900695,5,80
vehG-0,2371,4.920085714290074,4,81
vehG-0,2419,4.249414285720077,4,82
vehG-0,2444,5.22141428572008,5,83
vehG-0,2468,4.8974142857200835,4,84
vehG-0,2493,5.140414285720087,5,85
vehG-0,2523,5.04055714286409,5,86
vehG-0,2546,5.040557142864092,5,87
vehG-0,2570,4.716557142864094,4,88
vehG-0,2594,4.473557142864097,4,89
vehG-0,2618,5.2025571428641,5,90
vehG-0,2656,5.1488142857221035,5,91
vehG-0,2679,4.8248142857221055,4,92
vehG-0,2703,5.148814285722109,5,93
vehG-0,2728,5.229814285722112,5,94
vehG-0,2776,4.814057142866115,4,95
vehG-0,2799,4.895057142866117,4,96
vehG-0,2824,5.138057142866121,5,97
vehG-0,2849,4.814057142866124,4,98
vehG-0,2872,4.7330571428661266,4,99
vehG-0,2905,5.012485714296131,5,100
vehG-0,2930,5.012485714296135,5,101
vehG-0,2953,5.012485714296137,5,102
