
vehG-0,196,2.910028571430002,2,1
vehG-1,289,2.0655,2,2
vehG-2,303,2.9679857142859998,2,3
vehG-3,317,3.628371428572,3,4
vehG-4,330,4.012371428572,4,5
vehG-5,343,4.198585714286001,4,6
vehG-6,354,4.054842857144001,4,7
vehG-7,368,4.008557142858001,4,8
vehG-8,381,3.8604428571460003,3,9
vehG-9,394,4.012842857146,4,10
vehG-10,408,3.4203000000040014,3,11
vehG-11,421,4.192842857146002,4,12
vehG-12,432,4.103228571432003,4,13
vehG-13,443,3.8822142857180024,3,14
vehG-14,457,3.678542857144005,3,15
vehG-15,473,4.1426000000000025,4,16
vehG-0,489,3.972857142860008,3,17
vehG-16,505,3.7929000000020103,3,18
vehG-17,518,3.1494428571460094,3,19
vehG-18,535,2.94098571429201,2,20
vehG-19,583,2.1464999999999996,2,21
vehG-20,610,4.352,4,22
vehG-1,627,4.189400000000002,4,23
vehG-2,644,3.888800000000001,3,24
vehG-3,682,3.6294428571500097,3,25
vehG-4,763,3.587257142860003,3,26
vehG-5,779,4.154600000000004,4,27
vehG-6,794,4.166000000000003,4,28
vehG-7,812,3.806600000000003,3,29
vehG-8,832,3.0173428571440035,3,30
vehG-9,874,4.074200000000001,4,31
vehG-10,894,2.8936571428580016,2,32
vehG-11,918,3.000028571430001,3,33
vehG-12,934,3.3676571428580018,3,34
vehG-13,951,3.1594571428580016,3,35
vehG-14,972,1.66007142857801,1,36
vehG-15,1038,2.7296999999999993,2,37
vehG-0,1053,3.6458999999999997,3,38
vehG-16,1068,3.798471428572,3,39
vehG-17,1082,3.7312714285720006,3,40
vehG-18,1096,4.074771428576008,4,41
vehG-19,1109,3.1228714285780073,3,42
vehG-20,1122,2.031771428580005,2,43
vehG-1,1157,2.6891999999999996,2,44
vehG-2,1171,3.298671428572,3,45
vehG-3,1184,4.092471428572,4,46
vehG-4,1199,3.980871428572001,3,47
vehG-5,1210,4.163085714288002,4,48
vehG-6,1223,3.091314285716004,3,49
vehG-7,1236,3.4163571428600075,3,50
vehG-8,1251,3.159042857146009,3,51
vehG-9,1265,3.2844428571480075,3,52
vehG-10,1319,2.7296999999999993,2,53
vehG-11,1334,3.8541,3,54
vehG-12,1346,4.1709000000000005,4,55
vehG-13,1355,3.485871428572,3,56
vehG-14,1367,3.755428571430004,3,57
vehG-15,1383,2.7313285714340076,2,58
vehG-0,1418,1.9844999999999997,1,59
vehG-16,1430,3.3567857142859996,3,60
vehG-17,1446,2.8472857142880006,2,61
vehG-18,1460,3.1427428571460028,3,62
vehG-19,1473,3.196400000002002,3,63
vehG-20,1490,2.024771428574005,2,64
vehG-1,1548,2.8511999999999995,2,65
vehG-2,1563,3.7674,3,66
vehG-3,1576,3.217757142858,3,67
vehG-4,1591,4.1314714285720004,4,68
vehG-5,1602,3.731185714286,3,69
vehG-6,1616,3.890085714290002,3,70
vehG-7,1630,3.736228571432005,3,71
vehG-8,1641,3.197957142862008,3,72
vehG-9,1657,2.8239857142900067,2,73
vehG-10,1699,2.0655,2,74
vehG-11,1717,3.7269,3,75
vehG-12,1731,3.9789,3,76
vehG-13,1744,3.615557142858,3,77
vehG-14,1756,4.005800000004002,4,78
vehG-15,1773,3.3789714285720023,3,79
vehG-0,1787,3.9110000000000045,3,80
vehG-16,1805,3.3709285714340083,3,81
vehG-17,1839,3.4952857142860014,3,82
vehG-18,1859,2.0047142857160027,2,83
vehG-19,1885,2.798428571430003,2,84
vehG-20,1901,3.8636428571440034,3,85
vehG-1,1916,3.360457142860002,3,86
vehG-2,1971,1.0935,1,87
vehG-3,1988,3.3509999999999995,3,88
vehG-4,2001,3.370585714286,3,89
vehG-5,2013,4.092385714286,4,90
vehG-6,2026,3.981214285716,3,91
vehG-7,2038,4.184442857144001,4,92
vehG-8,2050,3.728514285718001,3,93
vehG-9,2063,2.388028571432002,2,94
vehG-10,2077,3.232571428576002,3,95
vehG-11,2092,1.00710000000401,1,96
vehG-12,2144,3.053699999999999,3,97
vehG-13,2157,3.1043571428579995,3,98
vehG-14,2171,3.682671428572,3,99
vehG-15,2183,3.999471428572001,3,100
vehG-0,2195,3.342214285716,3,101
vehG-16,2207,3.4946142857160014,3,102
vehG-17,2219,3.817142857146006,3,103
vehG-18,2234,4.001600000002004,4,104
vehG-19,2249,1.6698857142900085,1,105
vehG-20,2291,1.6119,1,106
vehG-1,2304,2.4820714285719996,2,107
vehG-2,2317,2.815328571429999,2,108
vehG-3,2330,2.8431000000019986,2,109
vehG-4,2345,2.6625857142879985,2,110
vehG-5,2358,3.660771428573999,3,111
vehG-6,2382,3.7040000000000006,3,112
vehG-7,2399,3.6920000000000037,3,113
vehG-8,2423,3.9049142857160013,3,114
vehG-9,2437,3.8444571428620096,3,115
vehG-10,2450,4.1112428571480075,4,116
vehG-11,2471,3.022828571430004,3,117
vehG-12,2521,2.8106999999999998,2,118
vehG-13,2535,3.7674,3,119
vehG-14,2550,4.006671428572,4,120
vehG-15,2563,4.161557142858,4,121
vehG-0,2578,2.9154000000019997,2,122
vehG-16,2604,2.3571,2,123
vehG-17,2617,3.3428999999999998,3,124
vehG-18,2630,2.3566571428600023,2,125
vehG-19,2645,3.1190857142880026,3,126
vehG-20,2658,3.2874285714300044,3,127
vehG-1,2672,2.4967714285760096,2,128
vehG-2,2726,2.9402999999999997,2,129
vehG-3,2743,3.0084857142859995,3,130
vehG-4,2755,3.2457857142859994,3,131
vehG-5,2767,2.9264142857159987,2,132
vehG-6,2788,4.0280000000000005,4,133
vehG-7,2805,4.016000000000001,4,134
vehG-8,2823,4.189400000000002,4,135
vehG-9,2841,3.8089285714360077,3,136
vehG-10,2857,4.126928571434006,4,137
vehG-11,2871,3.4971857142940093,3,138
vehG-12,2886,2.490300000010008,2,139
vehG-13,2927,2.9402999999999997,2,140
vehG-14,2941,3.7812857142859997,3,141
vehG-15,2955,3.3678428571440002,3,142
vehG-0,2968,3.6061285714300007,3,143
vehG-16,2982,2.991300000006008,2,144
vehG-17,2997,2.404757142864009,2,145
vehG-18,3027,1.5795,1,146
vehG-19,3043,2.7459,2,147
vehG-20,3056,2.9957571428579994,2,148
vehG-1,3073,3.8420000000000023,3,149
vehG-2,3093,4.038285714286004,4,150
vehG-3,3111,4.292942857144003,4,151
vehG-4,3127,3.135971428572005,3,152
vehG-5,3176,1.5795,1,153
vehG-6,3207,4.352,4,154
vehG-7,3233,4.097000000000001,4,155
vehG-8,3251,3.6385714285780066,3,156
vehG-9,3265,2.5176428571520066,2,157
vehG-10,3290,2.7459,2,158
vehG-11,3300,3.1210714285820025,3,159
vehG-12,3351,3.876285714288003,3,160
vehG-13,3366,5.0,5,161
vehG-14,3382,4.095371428572008,4,162
vehG-15,3399,3.251857142858002,3,163
vehG-0,3417,1.8063857142920072,1,164
vehG-16,3450,3.2318999999999996,3,165
vehG-17,3463,3.467785714286,3,166
vehG-18,3484,4.120400000000001,4,167
vehG-19,3501,3.876800000000003,3,168
vehG-20,3518,4.061600000000004,4,169
vehG-1,3553,5.0,5,170
vehG-2,3572,4.352,4,171
vehG-3,3588,4.021800000010005,4,172
vehG-4,3611,3.3448571428580025,3,173
vehG-5,3633,3.7730000000000015,3,174
vehG-6,3651,3.474457142858001,3,175
vehG-7,3666,3.696814285718011,3,176
vehG-8,3683,3.27458571429001,3,177
vehG-9,3728,2.0655,2,178
vehG-10,3746,3.075685714285999,3,179
vehG-11,3761,4.035685714286,4,180
vehG-12,3775,3.4188428571439995,3,181
vehG-13,3787,4.0941857142860005,4,182
vehG-14,3798,4.103342857146001,4,183
vehG-15,3811,3.4599714285720036,3,184
vehG-0,3828,3.771885714286003,3,185
vehG-16,3845,3.947871428576011,3,186
vehG-17,3861,3.41052857143401,3,187
vehG-18,3879,1.087071428580011,1,188
vehG-19,3923,2.743585714285999,2,189
vehG-20,3936,3.9675000000000002,3,190
vehG-1,3950,3.9117,3,191
vehG-2,3962,3.1635714285740013,3,192
vehG-3,3976,3.180385714292009,3,193
vehG-4,3991,2.8604142857220083,2,194
vehG-5,4025,2.0655,2,195
vehG-6,4043,3.2723999999999993,3,196
vehG-7,4063,4.004600000000001,4,197
vehG-8,4079,4.083200000000008,4,198
vehG-9,4098,4.189400000000002,4,199
vehG-10,4117,3.692000000000001,3,200
vehG-11,4134,2.968585714292011,2,201
vehG-12,4174,1.8791999999999998,1,202
vehG-13,4190,3.8541,3,203
vehG-14,4201,3.516114285716001,3,204
vehG-15,4213,3.4432571428600087,3,205
vehG-0,4226,3.08194285714601,3,206
vehG-16,4240,3.185571428574009,3,207
vehG-17,4297,2.1464999999999996,2,208
vehG-18,4312,2.3895,2,209
vehG-19,4340,5.0,5,210
vehG-20,4352,4.0280000000000005,4,211
vehG-1,4369,3.9698000000000024,3,212
vehG-2,4387,3.5408857142860026,3,213
vehG-3,4402,3.922485714286004,3,214
vehG-4,4421,2.3661857142960065,2,215
vehG-5,4452,3.1427999999999994,3,216
vehG-6,4466,3.5035714285719997,3,217
vehG-7,4479,3.3187142857180016,3,218
vehG-8,4489,3.797257142858003,3,219
vehG-9,4503,3.146771428572003,3,220
vehG-10,4520,4.129400000000005,4,221
vehG-11,4537,2.81730000000201,2,222
vehG-12,4587,1.5795,1,223
vehG-13,4608,4.074200000000001,4,224
vehG-14,4626,3.726200000000002,3,225
vehG-15,4643,3.9692000000000025,3,226
vehG-0,4659,4.195371428574012,4,227
vehG-16,4675,3.3375000000040083,3,228
vehG-17,4739,1.4984999999999997,1,229
vehG-18,4761,3.037499999999999,3,230
vehG-19,4774,3.6387857142860005,3,231
vehG-20,4786,3.520057142860003,3,232
vehG-1,4806,3.935000000000002,3,233
vehG-2,4823,4.107800000000003,4,234
vehG-3,4841,3.875685714286004,3,235
vehG-4,4884,4.0394000000000005,4,236
vehG-5,4903,3.8420000000000023,3,237
vehG-6,4919,4.200800000000003,4,238
vehG-7,4936,4.119428571430009,4,239
vehG-8,4953,4.1540000000000035,4,240
vehG-9,4969,3.9108428571460103,3,241
vehG-10,4983,2.983800000004011,2,242
vehG-11,5029,2.6487,2,243
vehG-12,5047,3.7269,3,244
vehG-13,5060,4.0275,4,245
vehG-14,5073,3.941171428574003,3,246
vehG-15,5092,4.097828571432011,4,247
vehG-0,5105,3.85564285714601,3,248
vehG-16,5119,2.4675000000040064,2,249
vehG-17,5168,3.021299999999999,3,250
vehG-18,5180,3.3844714285719997,3,251
vehG-19,5195,4.1039571428579995,4,252
vehG-20,5207,4.196357142858,4,253
vehG-1,5220,4.198414285716001,4,254
vehG-2,5237,4.190000000000001,4,255
vehG-3,5254,3.807800000000001,3,256
vehG-4,5274,4.200128571432009,4,257
vehG-5,5293,2.8570714285760093,2,258
vehG-6,5349,2.0655,2,259
vehG-7,5369,4.2781142857180035,4,260
vehG-8,5381,3.9304714285740086,3,261
vehG-9,5396,4.031614285718009,4,262
vehG-10,5409,3.998957142862009,3,263
vehG-11,5422,2.73030000000601,2,264
vehG-12,5439,1.298185714294008,1,265
vehG-13,5480,3.1346999999999996,3,266
vehG-14,5492,3.890942857144001,3,267
vehG-15,5505,3.258457142860002,3,268
vehG-0,5521,4.687400000000002,4,269
vehG-16,5538,3.9003000000040084,3,270
vehG-17,5554,3.897471428576008,3,271
vehG-18,5602,1.0935,1,272
vehG-19,5617,2.3571,2,273
vehG-20,5631,2.7875571428579993,2,274
vehG-1,5645,4.129228571432006,4,275
vehG-2,5660,3.0643285714320103,3,276
vehG-3,5673,4.03358571428801,4,277
vehG-4,5686,3.288385714290011,3,278
vehG-5,5731,1.5795,1,279
vehG-6,5749,3.156685714285999,3,280
vehG-7,5763,4.013785714286,4,281
vehG-8,5774,3.728428571430002,3,282
vehG-9,5787,3.760571428572004,3,283
vehG-10,5805,3.9219714285720033,3,284
vehG-11,5826,3.886742857146007,3,285
vehG-12,5841,3.7535571428620065,3,286
vehG-13,5857,1.7631857142920093,1,287
vehG-14,5905,2.1627,2,288
vehG-15,5917,2.7324428571460104,2,289
vehG-0,5930,4.10807142857201,4,290
vehG-16,5947,3.4460142857160094,3,291
vehG-17,5961,2.742814285718011,2,292
vehG-18,6020,2.5839,2,293
vehG-19,6034,3.3820714285719995,3,294
vehG-20,6048,3.6202714285720003,3,295
vehG-1,6061,4.05072857143,4,296
vehG-2,6073,3.7154142857240093,3,297
vehG-3,6085,4.199957142864009,4,298
vehG-4,6097,3.94645714286401,3,299
vehG-5,6110,2.8599857142940093,2,300
vehG-6,6127,1.3418142857240078,1,301
vehG-7,6169,3.2457,3,302
vehG-8,6181,3.786985714286,3,303
vehG-9,6194,4.106271428572,4,304
vehG-10,6240,4.595000000000002,4,305
vehG-11,6254,4.004600000000003,4,306
vehG-12,6270,4.027400000000002,4,307
vehG-13,6289,3.7268857142860012,3,308
vehG-14,6319,2.7935142857240036,2,309
vehG-15,6348,1.7819999999999998,1,310
vehG-0,6363,2.7459,2,311
vehG-16,6373,2.8185714285740024,2,312
vehG-17,6388,2.8158285714320037,2,313
vehG-18,6403,3.0983571428600083,3,314
vehG-19,6417,2.2642714285740126,2,315
vehG-20,6434,3.603800000002001,3,316
vehG-1,6451,2.8749428571480085,2,317
vehG-2,6489,1.3285142857160035,1,318
vehG-3,6521,2.6891999999999996,2,319
vehG-4,6533,4.181085714290004,4,320
vehG-5,6547,3.5536571428620043,3,321
vehG-6,6563,3.382742857146003,3,322
vehG-7,6586,1.7178285714300017,1,323
vehG-8,6631,3.0374999999999996,3,324
vehG-9,6643,3.301071428572,3,325
vehG-10,6655,2.5187571428580005,2,326
vehG-11,6677,4.444400000000002,4,327
vehG-12,6694,3.229057142858003,3,328
vehG-13,6714,2.3395714285740032,2,329
vehG-14,6741,3.0374999999999996,3,330
vehG-15,6756,3.586885714286,3,331
vehG-0,6767,3.0292571428600024,3,332
vehG-16,6779,3.541657142860005,3,333
vehG-17,6794,3.1127428571440037,3,334
vehG-18,6810,4.118600000000004,4,335
vehG-19,6827,3.536442857148009,3,336
vehG-20,6845,1.022785714292009,1,337
vehG-1,6883,2.967628571430001,2,338
vehG-2,6900,3.277228571430002,3,339
vehG-3,6915,4.014800000000003,4,340
vehG-4,6931,4.269200000000005,4,341
vehG-5,6949,3.486300000002012,3,342
vehG-6,6969,3.2278714285740095,3,343
vehG-7,6987,2.207442857148009,2,344
vehG-8,7037,2.9402999999999997,2,345
vehG-9,7050,3.176185714286,3,346
vehG-10,7064,3.752185714286,3,347
vehG-11,7076,2.8983000000019996,2,348
vehG-12,7089,4.15538571429401,4,349
vehG-13,7104,3.217500000008008,3,350
vehG-14,7117,1.76121428572001,1,351
vehG-15,7156,3.2318999999999996,3,352
vehG-0,7173,3.1670999999999996,3,353
vehG-16,7186,3.9003,3,354
vehG-17,7198,4.128542857146003,4,355
vehG-18,7210,3.884428571432005,3,356
vehG-19,7224,3.758428571430007,3,357
vehG-20,7239,3.370800000006008,3,358
vehG-1,7255,2.9156142857200105,2,359
vehG-2,7297,2.0655,2,360
vehG-3,7313,3.4376999999999995,3,361
vehG-4,7324,2.9650571428600014,2,362
vehG-5,7338,3.899171428572003,3,363
vehG-6,7357,2.1389428571440026,2,364
vehG-7,7419,2.4785999999999997,2,365
vehG-8,7432,3.2676857142859994,3,366
vehG-9,7447,3.6774285714300023,3,367
vehG-10,7461,3.0597714285740016,3,368
vehG-11,7499,1.5795,1,369
vehG-12,7515,2.8569857142859996,2,370
vehG-13,7529,3.1485857142859994,3,371
vehG-14,7540,2.9403000000019985,2,372
vehG-15,7553,3.437014285716,3,373
vehG-0,7567,3.093714285718004,3,374
vehG-16,7579,3.4964000000020037,3,375
vehG-17,7594,3.4472142857200088,3,376
vehG-18,7610,3.0759000000040078,3,377
vehG-19,7624,3.0405000000060105,3,378
vehG-20,7669,1.5795,1,379
vehG-1,7685,3.1427999999999994,3,380
vehG-2,7701,3.9926000000000026,3,381
vehG-3,7722,4.676,4,382
vehG-4,7747,3.4508857142880043,3,383
vehG-5,7766,3.865400000000002,3,384
vehG-6,7783,4.157400000006007,4,385
vehG-7,7797,3.5080714285780092,3,386
vehG-8,7813,2.4664714285780094,2,387
vehG-9,7856,2.4170000000020013,2,388
vehG-10,7871,4.177400000000002,4,389
vehG-11,7887,3.9926000000000026,3,390
vehG-12,7905,3.795371428572004,3,391
vehG-13,7924,3.5981428571440053,3,392
vehG-14,7965,3.1947714285720012,3,393
vehG-15,8005,2.3571,2,394
vehG-0,8017,3.0278857142880002,3,395
vehG-16,8032,3.0235285714360067,3,396
vehG-17,8047,2.0086714285780087,2,397
vehG-18,8086,2.0655,2,398
vehG-19,8102,3.2781857142859994,3,399
vehG-20,8115,3.545057142858,3,400
vehG-1,8125,3.72672857143,3,401
vehG-2,8139,3.286057142858003,3,402
vehG-3,8155,3.921971428572007,3,403
vehG-4,8171,4.164800000000005,4,404
vehG-5,8192,2.4426285714300064,2,405
vehG-6,8236,2.7296999999999993,2,406
vehG-7,8251,3.6597857142859995,3,407
vehG-8,8265,3.7035,3,408
vehG-9,8279,3.5736428571440007,3,409
vehG-10,8295,3.7839000000020007,3,410
vehG-11,8309,3.8072000000000035,3,411
vehG-12,8325,3.760400000000004,3,412
vehG-13,8343,4.189400000000002,4,413
vehG-14,8361,2.858342857144003,2,414
vehG-15,8419,2.9402999999999997,2,415
vehG-0,8435,2.7921857142859996,2,416
vehG-16,8447,3.8842714285719997,3,417
vehG-17,8462,3.8189571428580007,3,418
vehG-18,8475,3.557171428574002,3,419
vehG-19,8489,3.7603142857180023,3,420
vehG-20,8499,3.8774857142880057,3,421
vehG-1,8513,3.4028857142880056,3,422
vehG-2,8528,1.76918571428801,1,423
vehG-3,8579,2.5515,2,424
vehG-4,8592,2.801442857143999,2,425
vehG-5,8606,2.995842857143999,2,426
vehG-6,8620,3.441371428574002,3,427
vehG-7,8633,3.2331714285740016,3,428
vehG-8,8648,3.3908142857200114,3,429
vehG-9,8664,2.883728571434006,2,430
vehG-10,8708,1.4984999999999997,1,431
vehG-11,8724,3.3648857142859994,3,432
vehG-12,8736,3.203871428572,3,433
vehG-13,8751,3.2708142857159994,3,434
vehG-14,8764,3.2980571428600007,3,435
vehG-15,8779,4.127700000004009,4,436
vehG-0,8791,3.8046428571460087,3,437
vehG-16,8805,2.579228571432011,2,438
vehG-17,8855,1.0935,1,439
vehG-18,8871,3.2457,3,440
vehG-19,8908,5.0,5,441
vehG-20,8935,4.046871428580006,4,442
vehG-1,8948,4.207114285722006,4,443
vehG-2,8961,4.004357142866005,4,444
vehG-3,8975,3.844500000008008,3,445
vehG-4,8988,2.8972714285820067,2,446
vehG-5,9018,2.2275,2,447
vehG-6,9032,3.1485857142859994,3,448
vehG-7,9049,3.8420000000000023,3,449
vehG-8,9065,3.680600000000001,3,450
vehG-9,9085,3.912200000000001,3,451
vehG-10,9102,4.200800000000003,4,452
vehG-11,9121,3.0348285714300007,3,453
vehG-12,9169,2.1464999999999996,2,454
vehG-13,9183,2.6487,2,455
vehG-14,9199,3.2410714285719995,3,456
vehG-15,9211,3.307571428574002,3,457
vehG-0,9226,3.146685714288004,3,458
vehG-16,9239,3.262314285716005,3,459
vehG-17,9254,3.7947714285720062,3,460
vehG-18,9276,2.4820571428580007,2,461
vehG-19,9325,2.1627,2,462
vehG-20,9343,3.176271428571999,3,463
vehG-1,9357,3.3264428571439995,3,464
vehG-2,9371,3.821357142858,3,465
vehG-3,9384,4.115085714288002,4,466
vehG-4,9394,3.5869142857160026,3,467
vehG-5,9409,4.118600000000003,4,468
vehG-6,9426,4.105114285718006,4,469
vehG-7,9439,3.779442857148008,3,470
vehG-8,9453,3.862414285720007,3,471
vehG-9,9468,3.01058571429401,3,472
vehG-10,9521,2.1464999999999996,2,473
vehG-11,9536,3.0871714285719993,3,474
vehG-12,9549,3.8365714285720003,3,475
vehG-13,9560,3.485871428572001,3,476
vehG-14,9574,2.1468285714340043,2,477
vehG-15,9637,3.3104999999999998,3,478
vehG-0,9651,3.989485714286,3,479
vehG-16,9663,3.78072857143401,3,480
vehG-17,9675,4.0213285714340055,4,481
vehG-18,9689,3.724671428578006,3,482
vehG-19,9703,3.853414285722007,3,483
vehG-20,9717,3.0619285714380053,3,484
vehG-1,9732,2.7969428571520085,2,485
vehG-2,9773,2.0655,2,486
vehG-3,9787,2.7597857142859996,2,487
vehG-4,9803,4.073785714286,4,488
vehG-5,9815,3.8040857142860007,3,489
vehG-6,9828,4.121957142858001,4,490
vehG-7,9840,3.892757142858001,3,491
vehG-8,9853,3.911100000002001,3,492
vehG-9,9867,3.7545000000060087,3,493
vehG-10,9881,2.499471428578009,2,494
vehG-11,9923,2.1627,2,495
vehG-12,9936,2.5792714285719995,2,496
vehG-13,9949,3.190242857143999,3,497
vehG-14,9964,3.167014285715999,3,498
vehG-15,9979,3.4165142857179998,3,499
vehG-0,9990,4.186314285718002,4,500
vehG-16,10004,4.050885714288005,4,501
vehG-17,10017,3.279028571430005,3,502
vehG-18,10032,2.835814285720006,2,503
vehG-19,10047,2.3979000000060084,2,504
vehG-20,10098,3.1427999999999994,3,505
vehG-1,10112,3.8541,3,506
vehG-2,10125,4.106271428572,4,507
vehG-3,10137,3.971785714286001,3,508
vehG-4,10150,3.978385714286001,3,509
vehG-5,10164,2.929828571432002,2,510
vehG-6,10176,4.03375714286201,4,511
vehG-7,10189,2.6707285714340108,2,512
vehG-8,10202,2.0228142857200075,2,513
vehG-9,10250,3.4700999999999995,3,514
vehG-10,10264,3.5183571428580005,3,515
vehG-11,10278,3.627042857144,3,516
vehG-12,10292,3.272871428574,3,517
vehG-13,10303,3.682157142858001,3,518
vehG-14,10316,4.107557142858002,4,519
vehG-15,10330,4.155200000004006,4,520
vehG-0,10342,3.2150000000040073,3,521
vehG-16,10357,2.0601000000060092,2,522
vehG-17,10411,2.3733,2,523
vehG-18,10428,3.8946,3,524
vehG-19,10440,4.1547,4,525
vehG-20,10452,3.9022714285720013,3,526
vehG-1,10463,4.183285714286001,4,527
vehG-2,10478,3.5870000000040014,3,528
vehG-3,10489,3.4010857142880035,3,529
vehG-4,10505,3.2166000000060087,3,530
vehG-5,10518,3.9174000000060096,3,531
vehG-6,10534,3.89944285714801,3,532
vehG-7,10550,2.9291142857240065,2,533
vehG-8,10584,3.062514285716001,3,534
vehG-9,10599,3.645371428572002,3,535
vehG-10,10621,4.004600000000001,4,536
vehG-11,10638,3.726200000000002,3,537
vehG-12,10659,1.786585714290008,1,538
vehG-13,10703,2.8106999999999998,2,539
vehG-14,10716,3.592671428572,3,540
vehG-15,10727,3.893271428572,3,541
vehG-0,10741,3.6433285714299997,3,542
vehG-16,10754,3.7331571428580013,3,543
vehG-17,10766,3.5856285714320086,3,544
vehG-18,10782,3.0190571428600053,3,545
vehG-19,10800,2.5901571428620076,2,546
vehG-20,10841,2.7296999999999993,2,547
vehG-1,10857,3.6597857142859995,3,548
vehG-2,10871,3.444471428572,3,549
vehG-3,10885,3.46752857143,3,550
vehG-4,10898,3.425442857144001,3,551
vehG-5,10912,3.6450428571440012,3,552
vehG-6,10926,4.373600000000003,4,553
vehG-7,10942,4.027400000000001,4,554
vehG-8,10957,4.0736000000000026,4,555
vehG-9,10978,3.58341428571801,3,556
vehG-10,10998,1.346785714290009,1,557
vehG-11,11047,3.1427999999999994,3,558
vehG-12,11060,3.5925857142860003,3,559
vehG-13,11072,3.7070000000020027,3,560
vehG-14,11085,3.8300000000000027,3,561
vehG-15,11101,4.049600000000003,4,562
vehG-0,11116,4.085914285716012,4,563
vehG-16,11131,3.13564285714601,3,564
vehG-17,11146,2.846185714290011,2,565
vehG-18,11205,2.4543,2,566
vehG-19,11221,3.2861999999999996,3,567
vehG-20,11235,3.7545857142859997,3,568
vehG-1,11246,2.9964285714340035,2,569
vehG-2,11261,2.8184857142900017,2,570
vehG-3,11276,3.2615571428640067,3,571
vehG-4,11291,2.853814285722009,2,572
vehG-5,11305,2.7677571428660084,2,573
vehG-6,11323,4.108400000000001,4,574
vehG-7,11349,4.002971428574005,4,575
vehG-8,11364,3.7712000000000057,3,576
vehG-9,11381,3.8534000000000033,3,577
vehG-10,11399,3.07598571429001,3,578
vehG-11,11439,2.3571,2,579
vehG-12,11454,3.2318999999999996,3,580
vehG-13,11473,3.6339714285720017,3,581
vehG-14,11493,1.96298571429201,1,582
vehG-15,11532,2.8106999999999998,2,583
vehG-0,11547,3.8679857142859997,3,584
vehG-16,11558,3.1968428571439995,3,585
vehG-17,11580,5.0,5,586
vehG-18,11602,4.063828571430004,4,587
vehG-19,11618,3.968000000000005,3,588
vehG-20,11629,4.116214285718006,4,589
vehG-1,11644,3.6851571428600085,3,590
vehG-2,11662,1.9769571428640067,1,591
vehG-3,11705,2.5839,2,592
vehG-4,11717,3.261885714288,3,593
vehG-5,11731,2.532028571430002,2,594
vehG-6,11745,3.056942857144004,3,595
vehG-7,11762,3.5279571428660073,3,596
vehG-8,11777,3.191271428580008,3,597
vehG-9,11793,2.554500000010009,2,598
vehG-10,11831,3.240457142858002,3,599
vehG-11,11847,4.1426000000000025,4,600
vehG-12,11865,4.015400000000003,4,601
vehG-13,11881,4.127357142862009,4,602
vehG-14,11897,4.088057142862008,4,603
vehG-15,11910,4.18401428572001,4,604
vehG-0,11941,3.089600000002002,3,605
vehG-16,11967,1.6604999999999999,1,606
vehG-17,11979,3.082314285716002,3,607
vehG-18,11992,3.7367428571440047,3,608
vehG-19,12007,2.7546428571460098,2,609
vehG-20,12058,2.5595999999999997,2,610
vehG-1,12074,1.9683,1,611
vehG-2,12088,4.008,4,612
vehG-3,12100,2.90292857143,2,613
vehG-4,12115,3.2180142857159986,3,614
vehG-5,12129,4.1077142857160025,4,615
vehG-6,12148,4.026885714286003,4,616
vehG-7,12165,4.006242857146009,4,617
vehG-8,12180,4.07935714286001,4,618
vehG-9,12193,2.982814285718011,2,619
vehG-10,12243,2.0655,2,620
vehG-11,12259,3.3509999999999995,3,621
vehG-12,12272,3.0929571428579994,3,622
vehG-13,12284,4.092385714286,4,623
vehG-14,12295,3.402114285716003,3,624
vehG-15,12310,4.0382000000000025,4,625
vehG-0,12331,4.086114285716007,4,626
vehG-16,12351,2.788142857144004,2,627
vehG-17,12393,2.5191,2,628
vehG-18,12407,3.3428999999999998,3,629
vehG-19,12419,3.023357142858,3,630
vehG-20,12432,3.234857142858,3,631
vehG-1,12449,3.4944285714300034,3,632
vehG-2,12466,3.898485714286004,3,633
vehG-3,12482,3.82667142857201,3,634
vehG-4,12497,3.9141857142880085,3,635
vehG-5,12513,3.36030000000201,3,636
vehG-6,12529,1.1837142857180103,1,637
vehG-7,12575,3.2318999999999996,3,638
vehG-8,12587,3.1762714285719995,3,639
vehG-9,12601,4.014200000002005,4,640
vehG-10,12614,3.879385714288011,3,641
vehG-11,12629,3.469242857146009,3,642
vehG-12,12646,1.1758714285760097,1,643
vehG-13,12693,2.6487,2,644
vehG-14,12710,3.5464714285719996,3,645
vehG-15,12728,3.806428571430005,3,646
vehG-0,12743,4.014371428572007,4,647
vehG-16,12759,3.702200000000004,3,648
vehG-17,12777,2.809200000006006,2,649
vehG-18,12793,2.194071428578007,2,650
vehG-19,12834,3.1022999999999996,3,651
vehG-20,12848,3.8420000000000023,3,652
vehG-1,12865,3.8186000000000027,3,653
vehG-2,12878,4.050200000000003,4,654
vehG-3,12897,4.096485714286002,4,655
vehG-4,12916,2.287057142858002,2,656
vehG-5,12973,2.7620999999999993,2,657
vehG-6,12988,3.5835,3,658
vehG-7,13001,3.4307571428579995,3,659
vehG-8,13012,3.4249142857160026,3,660
vehG-9,13028,3.944942857144004,3,661
vehG-10,13043,3.782600000000005,3,662
vehG-11,13061,2.7433142857160044,2,663
vehG-12,13111,2.6487,2,664
vehG-13,13129,3.9351000000000003,3,665
vehG-14,13143,3.8534857142860033,3,666
vehG-15,13159,4.119200000000003,4,667
vehG-0,13175,3.957200000000003,3,668
vehG-16,13191,3.818000000000005,3,669
vehG-17,13209,4.130085714286005,4,670
vehG-18,13229,2.1761428571440016,2,671
vehG-19,13277,3.053699999999999,3,672
vehG-20,13290,3.8703000000000003,3,673
vehG-1,13301,3.795800000002001,3,674
vehG-2,13317,4.003657142858004,4,675
vehG-3,13332,3.4131714285720043,3,676
