id,tick,speed(float),speed(discrete),Tot v
vg1-0,134,2.1217142857160165,2,1
vg1-1,160,2.254957142858018,2,2
vg1-2,176,2.8608428571440223,2,3
vg1-3,189,3.02552857143002,3,4
vg1-4,203,3.7176714285720145,3,5
vg1-5,223,3.9549857142860114,3,6
vg1-6,241,4.12418571428601,4,7
vg1-7,255,3.71970000000001,3,8
vg1-8,272,4.734400000000011,4,9
vg1-9,285,4.277971428572013,4,10
vg1-10,297,4.3371285714300125,4,11
vg1-11,308,3.7358428571440134,3,12
vg1-0,324,3.981114285716032,3,13
vg1-1,337,3.8857571428580338,3,14
vg1-2,350,3.439842857146038,3,15
vg1-3,363,3.274357142860034,3,16
vg1-4,378,3.924328571430032,3,17
vg1-5,395,3.8961857142860303,3,18
vg1-6,410,4.004528571430029,4,19
vg1-7,421,3.960471428572027,3,20
vg1-8,432,5.011085714286032,5,21
vg1-9,443,4.311571428572033,4,22
vg1-10,455,4.995328571430033,4,23
vg1-11,467,4.91372857143003,4,24
vg1-0,479,4.58120000000205,4,25
vg1-1,496,4.427214285716054,4,26
vg1-2,509,4.30581428571806,4,27
vg1-3,523,4.1749571428600545,4,28
vg1-4,538,4.315614285716052,4,29
vg1-5,550,4.124957142858049,4,30
vg1-6,561,3.8755285714300527,3,31
vg1-7,572,4.710642857144047,4,32
vg1-8,587,3.8054285714300535,3,33
vg1-9,602,4.598971428572056,4,34
vg1-10,615,4.518928571430053,4,35
vg1-11,626,4.692414285716051,4,36
vg1-0,639,5.030085714288068,5,37
vg1-1,651,4.355814285716075,4,38
vg1-2,663,4.767214285718084,4,39
vg1-3,675,4.8331571428600775,4,40
vg1-4,691,4.151814285716075,4,41
vg1-5,718,4.876585714290072,4,42
vg1-6,728,5.239500000002073,5,43
vg1-7,740,5.067728571430066,5,44
vg1-8,752,4.637028571430075,4,45
vg1-9,763,4.667371428572075,4,46
vg1-10,776,5.188528571430076,5,47
vg1-11,787,5.188614285716072,5,48
vg1-0,800,4.333571428574091,4,49
vg1-1,814,4.550214285716096,4,50
vg1-2,821,3.9951000000061,3,51
vg1-3,835,5.005528571432099,5,52
vg1-4,846,5.076414285716094,5,53
vg1-5,857,4.691185714290092,4,54
vg1-6,869,4.868700000002094,4,55
vg1-7,882,5.1476142857160845,5,56
vg1-8,897,4.947914285716095,4,57
vg1-9,908,4.921171428572095,4,58
vg1-10,925,3.9489285714300966,3,59
vg1-11,939,3.798671428574094,3,60
vg1-0,952,3.9270285714321114,3,61
vg1-1,967,3.912414285716115,3,62
vg1-2,980,3.7766142857221183,3,63
vg1-3,995,3.720328571432117,3,64
vg1-4,1009,4.693614285716114,4,65
vg1-5,1022,4.724785714290114,4,66
vg1-6,1033,5.052900000002116,5,67
vg1-7,1046,5.029671428574103,5,68
vg1-8,1057,5.1891142857161165,5,69
vg1-9,1069,4.735171428572117,4,70
vg1-10,1081,5.2089285714301194,5,71
vg1-11,1093,5.000557142860112,5,72
vg1-0,1105,4.296200000004128,4,73
vg1-1,1120,5.242100000002135,5,74
vg1-2,1134,4.62021428572214,4,75
vg1-3,1146,4.922728571432138,4,76
vg1-4,1158,4.576271428574133,4,77
vg1-5,1174,5.174785714290131,5,78
vg1-6,1185,4.8151285714321315,4,79
vg1-7,1197,4.091271428574117,4,80
vg1-8,1213,4.169800000002133,4,81
vg1-9,1225,4.664371428572138,4,82
vg1-10,1237,4.328128571430141,4,83
vg1-11,1250,4.860757142860133,4,84
vg1-0,1262,3.9824000000041484,3,85
vg1-1,1275,4.512500000002155,4,86
vg1-2,1286,4.526614285722162,4,87
vg1-3,1305,3.972071428576159,3,88
vg1-4,1316,4.239671428574149,4,89
vg1-5,1329,3.9933857142901537,3,90
vg1-6,1343,3.7601571428621545,3,91
vg1-7,1356,3.8458714285741387,3,92
vg1-8,1372,4.052028571432154,4,93
vg1-9,1386,4.165171428572157,4,94
vg1-10,1398,4.662414285716165,4,95
vg1-11,1406,4.662757142860156,4,96
vg1-0,1423,4.683371428578167,4,97
vg1-1,1434,5.040928571432178,5,98
vg1-2,1446,5.011500000008183,5,99
vg1-3,1458,5.161957142864176,5,100
vg1-4,1476,5.232842857146172,5,101
vg1-5,1490,4.512557142862179,4,102
vg1-6,1500,4.117757142862179,4,103
vg1-7,1513,4.515214285718161,4,104
vg1-8,1529,4.362571428576176,4,105
vg1-9,1541,4.059742857144182,4,106
vg1-10,1552,4.244385714288189,4,107
vg1-11,1564,4.266757142860178,4,108
vg1-0,1577,4.103771428578184,4,109
vg1-1,1593,3.882328571432198,3,110
vg1-2,1607,3.7029000000082037,3,111
vg1-3,1620,3.887214285722192,3,112
vg1-4,1639,3.912842857146191,3,113
vg1-5,1654,4.1297571428622,4,114
vg1-6,1668,4.185557142862199,4,115
vg1-7,1681,4.113042857150181,4,116
vg1-8,1693,4.870771428576195,4,117
vg1-9,1705,4.764742857144201,4,118
vg1-10,1719,4.347585714288205,4,119
vg1-11,1737,3.9415571428601948,3,120
vg1-0,1751,4.171571428578196,4,121
vg1-1,1767,3.973528571432212,3,122
vg1-2,1778,4.407300000008222,4,123
vg1-3,1792,4.082214285722209,4,124
vg1-4,1805,4.027014285718208,4,125
vg1-5,1817,4.220957142862223,4,126
vg1-6,1829,4.542557142862219,4,127
vg1-7,1840,5.0049857142942,5,128
vg1-8,1852,4.139971428576214,4,129
vg1-9,1864,4.115628571430218,4,130
vg1-10,1876,4.832471428574225,4,131
vg1-11,1885,4.1949285714322135,4,132
vg1-0,1898,5.084771428578217,5,133
vg1-1,1908,5.002614285718231,5,134
vg1-2,1920,4.568700000008242,4,135
vg1-3,1935,4.891014285722229,4,136
vg1-4,1949,5.217757142862227,5,137
vg1-5,1962,4.948757142862247,4,138
vg1-6,1974,4.634357142862243,4,139
vg1-7,1991,4.1583000000102235,4,140
vg1-8,2003,3.838171428576234,3,141
vg1-9,2016,3.8715142857162386,3,142
vg1-10,2036,4.066871428574244,4,143
vg1-11,2051,4.621014285718236,4,144
vg1-0,2063,4.203971428578241,4,145
vg1-1,2078,4.549614285718252,4,146
vg1-2,2091,4.080385714294261,4,147
vg1-3,2108,3.927671428580251,3,148
vg1-4,2122,4.822271428578247,4,149
vg1-5,2135,4.104471428578261,4,150
vg1-6,2147,4.169957142862259,4,151
vg1-7,2161,4.2489000000102415,4,152
vg1-8,2173,5.097571428576251,5,153
vg1-9,2183,4.02091428571626,4,154
vg1-10,2200,3.718357142860267,3,155
vg1-11,2219,3.8560142857182536,3,156
vg1-0,2238,4.028771428578261,4,157
vg1-1,2252,3.853957142862268,3,158
vg1-2,2265,3.9192428571522786,3,159
vg1-3,2278,4.134071428580266,4,160
vg1-4,2291,4.428071428578267,4,161
vg1-5,2304,4.440471428580284,4,162
vg1-6,2313,4.989642857148277,4,163
vg1-7,2325,4.200985714296259,4,164
vg1-8,2339,5.038257142862269,5,165
vg1-9,2349,4.147514285716278,4,166
vg1-10,2362,4.284328571432287,4,167
vg1-11,2380,4.8860428571482695,4,168
vg1-0,2397,5.137400000008281,5,169
vg1-1,2414,5.171128571434289,5,170
vg1-2,2425,4.9477285714383,4,171
vg1-3,2437,5.150471428580286,5,172
vg1-4,2449,5.028157142864286,5,173
vg1-5,2462,5.052471428580305,5,174
vg1-6,2475,5.068500000006299,5,175
vg1-7,2487,5.229385714296282,5,176
vg1-8,2503,5.001400000006289,5,177
vg1-9,2516,5.082485714288301,5,178
vg1-10,2530,5.022928571432309,5,179
vg1-11,2542,5.126728571434291,5,180
vg1-0,2557,4.9274857142943,4,181
vg1-1,2569,4.556728571434307,4,182
vg1-2,2583,5.073300000010316,5,183
vg1-3,2597,4.617071428580304,4,184
vg1-4,2610,4.772557142864304,4,185
vg1-5,2622,5.039442857152326,5,186
vg1-6,2638,4.453585714292315,4,187
vg1-7,2650,5.158671428582303,5,188
vg1-8,2663,5.033885714292307,5,189
vg1-9,2681,4.501171428574317,4,190
vg1-10,2693,5.055928571432324,5,191
vg1-11,2704,5.2403000000083075,5,192
vg1-0,2716,5.018771428580314,5,193
vg1-1,2729,4.498528571434328,4,194
vg1-2,2742,5.130300000010333,5,195
vg1-3,2752,4.534871428580321,4,196
vg1-4,2765,4.447442857150322,4,197
vg1-5,2780,3.9618428571543447,3,198
vg1-6,2794,3.9779571428643345,3,199
vg1-7,2806,4.012071428582325,4,200
vg1-8,2816,4.141685714292325,4,201
vg1-9,2835,3.7119142857183394,3,202
vg1-10,2865,5.152100000008347,5,203
vg1-11,2880,5.136928571438331,5,204
vg1-0,2900,4.127857142868334,4,205
vg1-1,2914,4.623928571434347,4,206
vg1-2,2926,4.74630000001035,4,207
vg1-3,2937,5.15887142858034,5,208
vg1-4,2951,4.827842857150341,4,209
vg1-5,2973,5.0106428571563635,5,210
vg1-6,2985,5.237957142864351,5,211
vg1-7,2997,5.167071428582342,5,212
vg1-8,3008,5.054371428578342,5,213
vg1-9,3020,4.393171428576355,4,214
vg1-10,3032,5.105300000008361,5,215
vg1-11,3044,4.175728571438342,4,216
vg1-0,3055,3.74505714286835,3,217
vg1-1,3068,3.7671285714343687,3,218
vg1-2,3083,5.242842857154371,5,219
vg1-3,3094,5.22735714286636,5,220
vg1-4,3107,5.069814285722361,5,221
vg1-5,3119,3.4821857143003823,3,222
vg1-6,3131,4.531414285722371,4,223
vg1-7,3142,4.738157142868362,4,224
vg1-8,3154,5.065171428578362,5,225
vg1-9,3169,4.669857142862377,4,226
vg1-10,3183,5.092271428580382,5,227
vg1-11,3196,4.431157142868364,4,228
vg1-0,3209,4.356200000012369,4,229
vg1-1,3223,4.992328571434389,4,230
vg1-2,3236,4.639842857154395,4,231
vg1-3,3249,5.098957142866383,5,232
vg1-4,3263,4.362500000008383,4,233
vg1-5,3275,5.065585714300405,5,234
vg1-6,3290,5.016300000008393,5,235
vg1-7,3304,4.621157142868381,4,236
vg1-8,3322,4.925971428580384,4,237
vg1-9,3338,5.1308285714344,5,238
vg1-10,3350,5.1140428571524055,5,239
vg1-11,3361,5.076757142868385,5,240
vg1-0,3372,4.75940000001239,4,241
vg1-1,3389,5.08284285715041,5,242
vg1-2,3401,4.904442857154415,4,243
vg1-3,3412,5.0395571428664,5,244
vg1-4,3426,5.0436714285804065,5,245
vg1-5,3437,5.040042857158428,5,246
vg1-6,3449,4.7947285714384105,4,247
vg1-7,3462,5.117014285726404,5,248
vg1-8,3474,5.005171428580401,5,249
vg1-9,3486,4.724628571434417,4,250
vg1-10,3498,4.581242857152422,4,251
vg1-11,3514,5.075642857154405,5,252
vg1-0,3531,3.8438000000124113,3,253
vg1-1,3546,3.936242857150428,3,254
vg1-2,3562,3.6763285714404317,3,255
vg1-3,3576,3.938042857152418,3,256
vg1-4,3588,5.226671428580427,5,257
vg1-5,3599,5.235042857158451,5,258
vg1-6,3615,5.140414285724433,5,259
vg1-7,3625,5.242414285726426,5,260
vg1-8,3640,5.061228571438424,5,261
vg1-9,3652,5.034828571434438,5,262
vg1-10,3663,5.13487142858244,5,263
vg1-11,3675,4.507442857154427,4,264
vg1-0,3689,5.242400000012433,5,265
vg1-1,3702,5.010500000008448,5,266
vg1-2,3714,5.086928571440451,5,267
vg1-3,3728,4.74692857143844,4,268
vg1-4,3742,5.167871428580447,5,269
vg1-5,3756,4.388528571444469,4,270
vg1-6,3767,4.850614285724456,4,271
vg1-7,3786,3.991414285726446,3,272
vg1-8,3802,4.192428571438441,4,273
vg1-9,3815,3.9116285714344547,3,274
vg1-10,3831,3.8876428571564565,3,275
vg1-11,3839,3.996842857154447,3,276
vg1-0,3854,4.176200000012455,4,277
vg1-1,3867,3.771500000008465,3,278
vg1-2,3886,3.720214285726464,3,279
vg1-3,3900,4.294528571438459,4,280
vg1-4,3911,4.460214285724465,4,281
vg1-5,3923,3.88932857144449,3,282
vg1-6,3939,3.8655857142964782,3,283
vg1-7,3953,3.746700000012466,3,284
vg1-8,3967,3.970600000010461,3,285
vg1-9,3980,3.7707142857204756,3,286
vg1-10,3995,3.838700000014475,3,287
vg1-11,4006,4.990357142870467,4,288
vg1-0,4021,5.100285714298476,5,289
vg1-1,4030,4.637300000008485,4,290
vg1-2,4039,3.9968142857264803,3,291
vg1-3,4051,4.44298571429648,4,292
vg1-4,4064,4.169300000010488,4,293
vg1-5,4077,3.923100000016513,3,294
vg1-6,4092,3.818185714296498,3,295
vg1-7,4106,4.381585714298485,4,296
vg1-8,4118,4.651600000010484,4,297
vg1-9,4128,4.8567142857205035,4,298
vg1-10,4143,3.8609000000144995,3,299
vg1-11,4156,3.9127571428704897,3,300
vg1-0,4174,3.987885714298495,3,301
vg1-1,4187,4.508471428580503,4,302
vg1-2,4200,4.898100000012496,4,303
vg1-3,4215,4.637985714296502,4,304
vg1-4,4225,4.75738571429651,4,305
vg1-5,4243,5.184214285732534,5,306
vg1-6,4256,5.00772857144052,5,307
vg1-7,4268,4.449042857156507,4,308
vg1-8,4282,5.193485714298506,5,309
vg1-9,4296,5.051800000006525,5,310
vg1-10,4308,4.7033000000145195,4,311
vg1-11,4320,4.592728571442514,4,312
vg1-0,4331,5.096342857156516,5,313
vg1-1,4344,4.900442857152526,4,314
vg1-2,4359,5.196985714298521,5,315
vg1-3,4371,4.265985714296528,4,316
vg1-4,4385,5.033385714296532,5,317
vg1-5,4396,5.170500000018559,5,318
vg1-6,4410,3.721414285726543,3,319
vg1-7,4422,3.7999285714425355,3,320
vg1-8,4435,3.699485714298528,3,321
vg1-9,4453,3.893200000006547,3,322
vg1-10,4465,3.07944285715854,3,323
vg1-11,4479,3.7696142857285375,3,324
vg1-0,4497,3.8795428571565393,3,325
vg1-1,4514,4.771357142868545,4,326
vg1-2,4527,3.922585714298537,3,327
vg1-3,4540,4.299071428582548,4,328
vg1-4,4552,4.615785714296549,4,329
vg1-5,4563,3.8265000000185765,3,330
vg1-6,4577,4.40301428572656,4,331
vg1-7,4589,4.8631285714425605,4,332
vg1-8,4599,5.225628571442546,5,333
vg1-9,4613,4.354085714292566,4,334
vg1-10,4625,5.05618571430256,5,335
vg1-11,4637,4.207614285728558,4,336
vg1-0,4649,5.000600000014564,5,337
vg1-1,4662,5.081557142868565,5,338
vg1-2,4675,5.0783571428705585,5,339
vg1-3,4689,4.262728571440567,4,340
vg1-4,4702,5.019071428582572,5,341
vg1-5,4712,3.813042857162598,3,342
vg1-6,4727,4.181100000012584,4,343
vg1-7,4739,3.8786142857285846,3,344
vg1-8,4755,4.205628571442567,4,345
vg1-9,4771,4.166457142864587,4,346
vg1-10,4782,4.082042857160586,4,347
vg1-11,4796,4.77238571430058,4,348
vg1-0,4813,3.8180857143005857,3,349
vg1-1,4825,4.073128571440588,4,350
vg1-2,4843,4.057500000014582,4,351
vg1-3,4855,5.081900000012591,5,352
vg1-4,4872,5.157671428584595,5,353
vg1-5,4886,5.0829000000206195,5,354
vg1-6,4901,5.023671428584604,5,355
vg1-7,4915,5.163814285730605,5,356
vg1-8,4933,5.1748857143005855,5,357
vg1-9,4949,5.067228571436603,5,358
vg1-10,4960,5.075300000018602,5,359
vg1-11,4973,5.1995857143006,5,360
vg1-0,4988,4.995542857158607,4,361
vg1-1,5000,4.568214285726608,4,362
vg1-2,5013,4.992300000014603,4,363
vg1-3,5025,4.6169000000126115,4,364
vg1-4,5039,5.086357142870617,5,365
vg1-5,5050,5.000700000020638,5,366
vg1-6,5061,4.861071428584621,4,367
vg1-7,5072,4.711414285730619,4,368
vg1-8,5086,5.162371428586603,5,369
vg1-9,5097,5.02042857143662,5,370
vg1-10,5115,5.015557142876621,5,371
vg1-11,5126,5.094585714300616,5,372
vg1-0,5139,5.064028571444627,5,373
vg1-1,5151,4.925814285726627,4,374
vg1-2,5162,5.037557142872619,5,375
vg1-3,5173,4.593071428584626,4,376
vg1-4,5186,4.773157142870635,4,377
vg1-5,5203,5.091900000020657,5,378
vg1-6,5215,4.663671428584642,4,379
vg1-7,5227,5.011414285730643,5,380
vg1-8,5239,4.02777142858662,4,381
vg1-9,5251,4.336514285722636,4,382
vg1-10,5263,5.014100000020635,5,383
vg1-11,5275,4.862385714300634,4,384
vg1-0,5298,5.215314285732644,5,385
vg1-1,5310,5.0149571428706405,5,386
vg1-2,5322,4.389042857158632,4,387
vg1-3,5336,4.383671428584642,4,388
vg1-4,5351,3.7654142857286566,3,389
vg1-5,5370,3.852900000020675,3,390
vg1-6,5385,3.782271428584658,3,391
vg1-7,5399,3.783814285730662,3,392
vg1-8,5412,4.14237142858664,4,393
vg1-9,5426,4.288514285722653,4,394
vg1-10,5438,4.69927142859265,4,395
vg1-11,5451,4.825785714300653,4,396
vg1-0,5464,4.253257142876664,4,397
vg1-1,5477,5.129128571442655,5,398
vg1-2,5490,4.607442857158653,4,399
vg1-3,5500,4.868471428584663,4,400
vg1-4,5516,5.059271428586678,5,401
vg1-5,5526,5.1933000000207,5,402
vg1-6,5539,4.30092857144268,4,403
vg1-7,5550,4.778014285730688,4,404
vg1-8,5565,3.6779714285866643,3,405
vg1-9,5580,4.0551142857226745,4,406
vg1-10,5596,3.6792714285926724,3,407
vg1-11,5612,4.592385714300676,4,408
vg1-0,5622,4.971800000020685,4,409
vg1-1,5634,5.061071428586669,5,410
vg1-2,5647,3.8882142857306707,3,411
vg1-3,5662,4.081871428586686,4,412
vg1-4,5676,4.687871428586698,4,413
vg1-5,5688,5.017671428592716,5,414
vg1-6,5700,4.159928571442698,4,415
vg1-7,5712,4.799185714302711,4,416
vg1-8,5724,4.636428571444687,4,417
vg1-9,5740,3.8446000000106952,3,418
vg1-10,5756,5.147471428592694,5,419
vg1-11,5767,5.226842857158694,5,420
vg1-0,5783,3.7784857143067017,3,421
vg1-1,5796,4.42327142858669,4,422
vg1-2,5808,5.009014285730694,5,423
vg1-3,5818,5.063385714302706,5,424
vg1-4,5833,4.674328571444715,4,425
vg1-5,5848,4.206471428592735,4,426
vg1-6,5862,3.857614285728716,3,427
vg1-7,5883,3.9531857143027267,3,428
vg1-8,5897,3.7790285714447034,3,429
vg1-9,5911,3.877257142868718,3,430
vg1-10,5925,4.671500000022712,4,431
vg1-11,5937,4.7978428571587095,4,432
vg1-0,5949,4.471485714306721,4,433
vg1-1,5964,4.676557142872709,4,434
vg1-2,5977,4.013014285730714,4,435
vg1-3,5990,4.865471428588726,4,436
vg1-4,6008,3.700614285730735,3,437
vg1-5,6025,3.950871428592751,3,438
vg1-6,6038,3.7174714285867347,3,439
vg1-7,6052,4.599985714302745,4,440
vg1-8,6063,5.026428571446721,5,441
vg1-9,6078,4.789857142868739,4,442
vg1-10,6089,4.415385714308728,4,443
vg1-11,6101,5.004842857158729,5,444
vg1-0,6114,4.296285714306739,4,445
vg1-1,6126,4.825957142872731,4,446
vg1-2,6140,4.520185714302735,4,447
vg1-3,6153,3.7770714285887452,3,448
vg1-4,6169,3.9076142857307543,3,449
vg1-5,6183,3.833871428592773,3,450
vg1-6,6199,3.9699000000167564,3,451
vg1-7,6215,4.170385714302764,4,452
vg1-8,6227,5.07837142859074,5,453
vg1-9,6241,5.169657142868755,5,454
vg1-10,6259,4.355814285738747,4,455
vg1-11,6272,5.049842857158744,5,456
vg1-0,6284,5.000685714306756,5,457
vg1-1,6296,5.101957142872748,5,458
vg1-2,6307,5.074671428588748,5,459
vg1-3,6319,4.713671428588761,4,460
vg1-4,6330,5.040414285730771,5,461
vg1-5,6341,5.221671428592787,5,462
vg1-6,6354,5.116414285732777,5,463
vg1-7,6366,4.528071428588782,4,464
vg1-8,6381,4.301457142876764,4,465
vg1-9,6396,5.145228571440774,5,466
vg1-10,6412,4.817300000024768,4,467
vg1-11,6428,4.828614285730765,4,468
vg1-0,6440,4.883685714306778,4,469
vg1-1,6455,3.965728571446774,3,470
vg1-2,6468,4.100957142874769,4,471
vg1-3,6480,4.585271428588784,4,472
vg1-4,6492,5.177900000016791,5,473
vg1-5,6503,5.081271428592806,5,474
vg1-6,6513,4.478700000018798,4,475
vg1-7,6525,4.3300714285888,4,476
vg1-8,6537,4.508457142876782,4,477
vg1-9,6554,5.166485714298797,5,478
vg1-10,6566,4.6427000000247896,4,479
vg1-11,6578,5.221014285730789,5,480
vg1-0,6591,5.1135714285928,5,481
vg1-1,6605,4.264614285732799,4,482
vg1-2,6619,3.9725571428747912,3,483
vg1-3,6635,3.981414285732801,3,484
vg1-4,6647,4.435785714302809,4,485
vg1-5,6659,4.535442857164827,4,486
vg1-6,6674,4.545385714304821,4,487
vg1-7,6683,4.050471428588823,4,488
vg1-8,6697,3.9282571428768014,3,489
vg1-9,6711,3.75408571429882,3,490
vg1-10,6723,3.704300000024811,3,491
vg1-11,6738,3.9353000000168095,3,492
vg1-0,6752,4.1513428571648205,4,493
vg1-1,6765,4.621614285732819,4,494
vg1-2,6779,5.232128571446812,5,495
vg1-3,6791,5.009814285732821,5,496
vg1-4,6802,4.931985714302832,4,497
vg1-5,6814,4.0590428571648465,4,498
vg1-6,6837,5.088728571450838,5,499
vg1-7,6849,5.148557142874842,5,500
vg1-8,6862,5.014857142876822,5,501
vg1-9,6883,5.224000000014841,5,502
vg1-10,6896,5.229500000024832,5,503
vg1-11,6907,4.488500000016827,4,504
vg1-0,6919,5.005228571450844,5,505
vg1-1,6933,5.152014285732839,5,506
vg1-2,6945,5.138528571446833,5,507
vg1-3,6957,5.077700000018839,5,508
vg1-4,6975,4.828528571446849,4,509
vg1-5,6988,5.098500000022865,5,510
vg1-6,7002,5.098500000022855,5,511
vg1-7,7013,5.22835714287486,5,512
vg1-8,7026,5.013657142876839,5,513
vg1-9,7041,4.355200000014862,4,514
vg1-10,7053,4.765700000024855,4,515
vg1-11,7066,4.6956714285888435,4,516
vg1-0,7078,5.062228571450859,5,517
vg1-1,7095,5.057814285732853,5,518
vg1-2,7106,5.05581428573285,5,519
vg1-3,7119,5.238585714304858,5,520
vg1-4,7131,4.619300000018859,4,521
vg1-5,7144,4.877100000022882,4,522
vg1-6,7155,4.716300000022871,4,523
vg1-7,7170,4.498157142874876,4,524
vg1-8,7183,5.1625428571628555,5,525
vg1-9,7196,5.187400000014883,5,526
vg1-10,7215,4.844814285740873,4,527
vg1-11,7225,4.752071428588861,4,528
vg1-0,7238,5.1301142857368776,5,529
vg1-1,7252,5.0104142857328755,5,530
vg1-2,7266,4.904014285732871,4,531
vg1-3,7280,4.8551857143048744,4,532
vg1-4,7291,5.1275000000188795,5,533
vg1-5,7303,4.4586428571669,4,534
vg1-6,7318,4.70370000002289,4,535
vg1-7,7329,4.091957142874895,4,536
vg1-8,7344,4.536314285734876,4,537
vg1-9,7363,4.421714285730903,4,538
vg1-10,7374,4.808128571456888,4,539
vg1-11,7389,4.392242857160879,4,540
vg1-0,7402,4.747314285736895,4,541
vg1-1,7415,3.712442857162894,3,542
vg1-2,7429,3.722700000018894,3,543
vg1-3,7442,3.776385714306893,3,544
vg1-4,7461,3.8999000000188957,3,545
vg1-5,7478,4.82772857145292,4,546
vg1-6,7493,3.1542428571669068,3,547
vg1-7,7511,4.183242857160909,4,548
vg1-8,7523,4.304114285734893,4,549
vg1-9,7537,4.154200000016921,4,550
vg1-10,7549,4.008500000028904,4,551
vg1-11,7560,3.9981285714468946,3,552
vg1-0,7573,4.202514285736909,4,553
vg1-1,7586,4.440242857162915,4,554
vg1-2,7599,5.086585714304915,5,555
vg1-3,7610,4.631385714306916,4,556
vg1-4,7622,4.444957142876915,4,557
vg1-5,7636,5.0570142857389415,5,558
vg1-6,7656,4.70430000002693,4,559
vg1-7,7669,4.829442857160933,4,560
vg1-8,7681,4.754200000020917,4,561
vg1-9,7693,4.037200000016942,4,562
vg1-10,7706,4.6781857143149255,4,563
vg1-11,7719,4.1345000000209104,4,564
vg1-0,7732,4.4443142857369295,4,565
vg1-1,7742,4.867100000020937,4,566
vg1-2,7753,4.830471428590937,4,567
vg1-3,7762,4.988471428592937,4,568
vg1-4,7779,3.761042857162935,3,569
vg1-5,7797,4.569814285738958,4,570
vg1-6,7807,4.123757142884949,4,571
vg1-7,7820,4.689642857160953,4,572
vg1-8,7831,5.158000000020937,5,573
vg1-9,7843,5.123800000016968,5,574
vg1-10,7860,4.838042857172949,4,575
vg1-11,7871,5.174385714306935,5,576
vg1-0,7883,5.195085714308956,5,577
vg1-1,7896,4.668585714306961,4,578
vg1-2,7909,4.748357142876963,4,579
vg1-3,7921,4.639357142878957,4,580
vg1-4,7933,4.5118142857349595,4,581
vg1-5,7944,4.95021428573898,4,582
vg1-6,7959,3.9491571428849737,3,583
vg1-7,7973,3.877757142876976,3,584
vg1-8,7987,3.735742857164956,3,585
vg1-9,8003,3.9658000000169897,3,586
vg1-10,8019,3.9806428571729677,3,587
vg1-11,8034,3.946785714306955,3,588
vg1-0,8049,3.747885714308972,3,589
vg1-1,8061,3.904185714306979,3,590
vg1-2,8075,3.856757142876985,3,591
vg1-3,8087,3.7699571428789715,3,592
vg1-4,8101,3.8393857143069763,3,593
vg1-5,8116,3.884785714310991,3,594
vg1-6,8130,3.763157142884986,3,595
vg1-7,8140,3.8309571428769926,3,596
vg1-8,8153,4.382542857164972,4,597
vg1-9,8166,3.7450000000170007,3,598
vg1-10,8181,3.725642857172984,3,599
vg1-11,8195,4.513185714306972,4,600
vg1-0,8210,3.9428857143089946,3,601
vg1-1,8226,4.0400428571649964,4,602
vg1-2,8236,4.387157142877,4,603
vg1-3,8249,4.288957142878992,4,604
vg1-4,8262,4.7519857143070015,4,605
vg1-5,8275,4.995814285741014,4,606
vg1-6,8288,4.89595714288501,4,607
vg1-7,8301,5.033442857163014,5,608
vg1-8,8312,4.60102857145099,4,609
vg1-9,8328,4.65725714287502,4,610
vg1-10,8349,4.902414285747007,4,611
vg1-11,8361,4.7076714285929935,4,612
vg1-0,8375,5.005571428595014,5,613
vg1-1,8392,4.269500000023015,4,614
vg1-2,8406,3.1940142857350224,3,615
vg1-3,8421,4.275757142879011,4,616
vg1-4,8431,5.027985714307023,5,617
vg1-5,8445,5.144700000027032,5,618
vg1-6,8460,4.883357142885032,4,619
vg1-7,8472,4.360842857163036,4,620
vg1-8,8484,5.142828571451007,5,621
vg1-9,8495,5.002857142875041,5,622
vg1-10,8506,4.496814285747026,4,623
vg1-11,8519,4.3020714285930115,4,624
vg1-0,8535,3.8823714285950315,3,625
vg1-1,8548,4.211300000023031,4,626
vg1-2,8562,4.73138571430704,4,627
vg1-3,8580,5.040500000023026,5,628
vg1-4,8591,5.038785714307042,5,629
vg1-5,8604,5.22510000002705,5,630
vg1-6,8616,5.02144285717105,5,631
vg1-7,8628,5.123442857163052,5,632
vg1-8,8639,4.6925714285950235,4,633
vg1-9,8653,5.036457142875059,5,634
vg1-10,8664,4.924014285747047,4,635
vg1-11,8675,5.099214285737031,5,636
vg1-0,8688,5.130971428595052,5,637
vg1-1,8702,5.135300000023051,5,638
vg1-2,8715,5.227842857165059,5,639
vg1-3,8730,5.143185714309044,5,640
vg1-4,8742,5.188785714307063,5,641
vg1-5,8756,4.089900000027069,4,642
vg1-6,8772,3.862928571457073,3,643
vg1-7,8788,4.033928571449076,4,644
vg1-8,8797,3.996571428595044,3,645
vg1-9,8809,4.73337142859108,4,646
vg1-10,8821,4.945614285747063,4,647
vg1-11,8830,5.155614285737053,5,648
vg1-0,8843,5.164657142881076,5,649
vg1-1,8859,5.144985714309073,5,650
vg1-2,8870,4.786842857165081,4,651
vg1-3,8882,5.095785714309066,5,652
vg1-4,8901,5.038700000023082,5,653
vg1-5,8916,4.910185714313093,4,654
vg1-6,8928,4.925014285743093,4,655
vg1-7,8939,5.051528571449099,5,656
vg1-8,8951,5.002171428595065,5,657
vg1-9,8965,5.183457142877105,5,658
vg1-10,8977,5.176014285747084,5,659
vg1-11,8987,4.726614285737075,4,660
vg1-0,9001,5.162857142881102,5,661
vg1-1,9012,5.086185714309096,5,662
vg1-2,9025,4.889014285737098,4,663
vg1-3,9037,5.182014285739087,5,664
vg1-4,9048,4.739557142881092,4,665
vg1-5,9064,4.712528571457107,4,666
vg1-6,9079,3.8828142857431125,3,667
vg1-7,9094,4.275300000021119,4,668
vg1-8,9107,4.040457142881084,4,669
vg1-9,9120,5.170857142877122,5,670
vg1-10,9132,4.492014285747101,4,671
vg1-11,9145,4.667814285737095,4,672
vg1-0,9157,5.18471428573912,5,673
vg1-1,9168,4.402185714309114,4,674
vg1-2,9182,4.121357142881118,4,675
vg1-3,9196,3.930757142883106,3,676
vg1-4,9209,3.997357142881112,3,677
vg1-5,9219,4.225328571457128,4,678
vg1-6,9234,4.182214285743133,4,679
vg1-7,9242,5.037900000021146,5,680
vg1-8,9262,5.149771428597113,5,681
vg1-9,9275,5.076057142877148,5,682
vg1-10,9288,4.814214285747126,4,683
vg1-11,9301,4.73484285716712,4,684
vg1-0,9312,5.160714285739141,5,685
vg1-1,9326,4.862985714311135,4,686
vg1-2,9338,5.207014285739137,5,687
vg1-3,9352,5.225128571455128,5,688
vg1-4,9364,5.1536428571671244,5,689
vg1-5,9374,4.178014285743151,4,690
vg1-6,9387,4.3545000000291525,4,691
vg1-7,9404,3.808328571451163,3,692
vg1-8,9419,3.7603428571691317,3,693
vg1-9,9433,3.768057142877166,3,694
vg1-10,9450,4.628214285747143,4,695
vg1-11,9463,3.93504285716714,3,696
vg1-0,9478,4.302714285739163,4,697
vg1-1,9487,4.608928571455154,4,698
vg1-2,9498,4.059814285739158,4,699
vg1-3,9511,5.07332857145515,5,700
vg1-4,9529,4.989585714311144,4,701
vg1-5,9543,5.182585714315172,5,702
vg1-6,9553,4.329300000029174,4,703
vg1-7,9570,4.731300000023184,4,704
vg1-8,9586,4.984514285741156,4,705
vg1-9,9600,5.119857142877184,5,706
vg1-10,9612,4.684185714319164,4,707
vg1-11,9624,5.090814285739161,5,708
vg1-0,9636,5.227314285739184,5,709
vg1-1,9648,4.74632857145517,4,710
vg1-2,9660,4.91438571431118,4,711
vg1-3,9671,5.013928571455175,5,712
vg1-4,9683,4.096871428597169,4,713
vg1-5,9697,4.405328571459197,4,714
vg1-6,9711,4.871785714315196,4,715
vg1-7,9724,4.833900000023205,4,716
vg1-8,9736,4.613714285741179,4,717
vg1-9,9748,4.123942857163203,4,718
vg1-10,9765,3.976957142891184,3,719
vg1-11,9778,3.734900000025183,3,720
vg1-0,9792,3.837114285739207,3,721
vg1-1,9806,3.749728571455192,3,722
vg1-2,9819,5.086585714311201,5,723
vg1-3,9834,3.8093000000271964,3,724
vg1-4,9848,5.066728571455187,5,725
vg1-5,9861,4.6110428571752164,4,726
vg1-6,9872,4.974471428601216,4,727
vg1-7,9886,4.299471428595227,4,728
vg1-8,9898,4.9593142857412,4,729
vg1-9,9911,4.388542857163223,4,730
vg1-10,9927,4.391642857177205,4,731
vg1-11,9936,3.7211857143132048,3,732
vg1-0,9950,3.7663142857392256,3,733
vg1-1,9965,4.0145857143132115,4,734
vg1-2,9978,4.877185714311222,4,735
vg1-3,9992,4.270185714313216,4,736
vg1-4,10003,4.267528571455209,4,737
vg1-5,10013,4.215471428605236,4,738
vg1-6,10025,4.580271428601237,4,739
vg1-7,10040,3.8813571428812494,3,740
vg1-8,10055,3.7540000000272213,3,741
vg1-9,10068,4.80314285716325,4,742
vg1-10,10080,4.49372857146323,4,743
vg1-11,10095,4.37878571431323,4,744
vg1-0,10111,3.9494000000252485,3,745
vg1-1,10124,4.5335857143132365,4,746
vg1-2,10139,4.761814285741243,4,747
vg1-3,10150,4.52398571431324,4,748
vg1-4,10161,4.1271285714552315,4,749
vg1-5,10173,4.8268714286052585,4,750
vg1-6,10187,4.867671428601259,4,751
vg1-7,10201,5.0371285714532705,5,752
vg1-8,10213,5.17291428574324,5,753
vg1-9,10225,5.2069428571632725,5,754
vg1-10,10237,4.538814285749255,4,755
vg1-11,10248,3.9955571428852514,3,756
vg1-0,10262,4.433600000025267,4,757
vg1-1,10276,3.8496714285992546,3,758
vg1-2,10292,4.401814285741259,4,759
vg1-3,10304,4.903957142885261,4,760
vg1-4,10315,4.577214285741255,4,761
vg1-5,10330,4.28035714289128,4,762
vg1-6,10343,4.275471428601282,4,763
vg1-7,10354,4.757700000025292,4,764
vg1-8,10366,5.067400000029258,5,765
vg1-9,10382,5.0786285714492925,5,766
vg1-10,10395,5.060128571465274,5,767
vg1-11,10409,5.093557142885274,5,768
vg1-0,10421,5.172457142883287,5,769
vg1-1,10431,4.773671428599272,4,770
vg1-2,10442,4.353814285741282,4,771
vg1-3,10454,4.833757142885287,4,772
vg1-4,10464,5.190671428599274,5,773
vg1-5,10476,4.892357142891303,4,774
vg1-6,10492,3.764871428601303,3,775
vg1-7,10506,3.6921857143113126,3,776
vg1-8,10523,4.24428571431528,4,777
vg1-9,10536,4.591428571449314,4,778
vg1-10,10548,3.6819285714652974,3,779
vg1-11,10563,3.6805571428852932,3,780
vg1-0,10577,3.7012571428833096,3,781
vg1-1,10589,4.980757142885294,4,782
vg1-2,10600,4.676014285741308,4,783
vg1-3,10616,3.6974428571713096,3,784
vg1-4,10627,3.9972714285992934,3,785
vg1-5,10638,4.6709571428913215,4,786
vg1-6,10652,4.121271428601321,4,787
vg1-7,10666,4.405414285741334,4,788
vg1-8,10678,4.5790857143152985,4,789
vg1-9,10703,5.054285714309332,5,790
vg1-10,10714,5.24252857146532,5,791
vg1-11,10722,5.137357142885316,5,792
vg1-0,10737,3.8387428571693283,3,793
vg1-1,10748,3.9380428571713146,3,794
vg1-2,10760,4.628614285741328,4,795
vg1-3,10775,5.142414285743329,5,796
vg1-4,10787,5.061071428599313,5,797
vg1-5,10798,4.86595714289134,4,798
vg1-6,10810,4.779471428601339,4,799
vg1-7,10822,5.086671428599352,5,800
vg1-8,10835,4.867771428601317,4,801
vg1-9,10848,3.7228857143093483,3,802
vg1-10,10861,3.7257285714653356,3,803
vg1-11,10875,4.719242857171335,4,804
vg1-0,10892,5.178885714313353,5,805
vg1-1,10905,5.070928571457342,5,806
vg1-2,10915,4.3839857143133525,4,807
vg1-3,10933,5.1630714286013495,5,808
vg1-4,10947,5.059271428599334,5,809
vg1-5,10958,4.771157142891362,4,810
vg1-6,10974,5.055557142887363,5,811
vg1-7,10982,3.9979285714573596,3,812
vg1-8,10994,4.819771428601346,4,813
vg1-9,11007,5.167685714309376,5,814
vg1-10,11019,4.279528571465361,4,815
vg1-11,11033,3.792242857171357,3,816
vg1-0,11047,4.425885714313375,4,817
vg1-1,11063,4.166814285743363,4,818
vg1-2,11080,3.7005857143133714,3,819
vg1-3,11095,4.374928571459367,4,820
vg1-4,11107,5.104871428599354,5,821
vg1-5,11118,5.082557142891382,5,822
vg1-6,11142,4.28944285717538,4,823
vg1-7,11157,4.605985714317374,4,824
vg1-8,11168,4.667457142887366,4,825
vg1-9,11180,4.726685714309399,4,826
vg1-10,11191,5.087728571465383,5,827
vg1-11,11203,5.166842857171376,5,828
vg1-0,11215,4.933742857171396,4,829
vg1-1,11228,5.111642857173383,5,830
vg1-2,11240,5.110842857171394,5,831
vg1-3,11251,5.0446142857453875,5,832
vg1-4,11271,4.825614285743373,4,833
vg1-5,11286,5.139128571463397,5,834
vg1-6,11299,4.681842857175398,4,835
vg1-7,11310,5.2305857143173915,5,836
vg1-8,11321,5.071342857173381,5,837
vg1-9,11336,5.130571428595417,5,838
vg1-10,11347,5.214328571465403,5,839
vg1-11,11358,5.189642857171395,5,840
vg1-0,11369,5.176142857171414,5,841
vg1-1,11384,5.156300000031401,5,842
vg1-2,11395,5.086842857171409,5,843
vg1-3,11408,5.078814285745406,5,844
vg1-4,11420,5.206614285743386,5,845
vg1-5,11432,5.010728571463409,5,846
vg1-6,11445,5.097642857175415,5,847
vg1-7,11458,5.137585714317407,5,848
vg1-8,11471,4.075342857173396,4,849
vg1-9,11486,4.1687714285954325,4,850
vg1-10,11501,3.9057285714654153,3,851
vg1-11,11515,3.7772428571714087,3,852
vg1-0,11533,4.064342857171427,4,853
vg1-1,11547,4.067900000031418,4,854
vg1-2,11559,3.9984428571714266,3,855
vg1-3,11572,4.094214285745424,4,856
vg1-4,11584,3.758814285743404,3,857
vg1-5,11598,3.771728571463429,3,858
vg1-6,11612,3.9396428571754347,3,859
vg1-7,11629,3.769671428605422,3,860
vg1-8,11641,3.7149142857454143,3,861
vg1-9,11655,4.027771428595452,4,862
vg1-10,11670,3.9388142857514317,3,863
vg1-11,11683,3.162500000029428,3,864
vg1-0,11695,3.7520000000294464,3,865
vg1-1,11710,3.85850000003144,3,866
vg1-2,11723,4.147500000029447,4,867
vg1-3,11736,3.710557142889443,3,868
vg1-4,11751,4.359414285743421,4,869
vg1-5,11762,4.383900000035449,4,870
vg1-6,11773,4.852242857175454,4,871
vg1-7,11785,3.872871428605446,3,872
vg1-8,11805,3.7127714286034337,3,873
vg1-9,11818,4.871371428595474,4,874
vg1-10,11831,4.689071428609454,4,875
vg1-11,11844,4.93130000002945,4,876
vg1-0,11855,4.514600000029472,4,877
vg1-1,11867,5.15330000003146,5,878
vg1-2,11879,5.002500000029462,5,879
vg1-3,11890,5.239271428605463,5,880
vg1-4,11906,4.88981428574544,4,881
vg1-5,11922,5.030014285751465,5,882
vg1-6,11937,4.6315285714614705,4,883
vg1-7,11946,4.577871428605463,4,884
vg1-8,11960,5.169571428603455,5,885
vg1-9,11972,4.280371428595496,4,886
vg1-10,11982,5.081471428609473,5,887
vg1-11,12004,5.091328571459469,5,888
vg1-0,12016,4.397000000029492,4,889
vg1-1,12032,4.734757142889483,4,890
vg1-2,12046,4.479471428601483,4,891
vg1-3,12058,4.173071428605485,4,892
vg1-4,12072,4.5085571428894555,4,893
vg1-5,12082,3.9986142857514855,3,894
vg1-6,12094,5.127728571461492,5,895
vg1-7,12106,4.0318714286054815,4,896
vg1-8,12117,5.029342857175483,5,897
vg1-9,12133,4.728742857167519,4,898
vg1-10,12148,3.945242857181491,3,899
vg1-11,12157,3.771328571459489,3,900
vg1-0,12172,4.1408000000295155,4,901
vg1-1,12182,4.722757142889504,4,902
vg1-2,12194,4.3396714286015055,4,903
vg1-3,12203,4.379728571463507,4,904
vg1-4,12215,5.035100000033472,5,905
vg1-5,12227,5.027614285751505,5,906
vg1-6,12238,5.219100000033511,5,907
vg1-7,12251,3.938357142891503,3,908
vg1-8,12267,3.952342857175503,3,909
vg1-9,12280,4.7161428571675374,4,910
vg1-10,12293,4.776842857181509,4,911
vg1-11,12308,5.065614285745512,5,912
vg1-0,12318,5.135000000029535,5,913
vg1-1,12334,5.172928571461527,5,914
vg1-2,12346,5.183271428601527,5,915
vg1-3,12358,5.119100000035527,5,916
vg1-4,12375,4.9058428571774915,4,917
vg1-5,12387,5.094985714323528,5,918
vg1-6,12398,4.719985714319532,4,919
vg1-7,12410,4.769957142891526,4,920
vg1-8,12426,4.691114285747526,4,921
vg1-9,12444,3.8349142857395613,3,922
vg1-10,12457,5.110528571467533,5,923
vg1-11,12471,5.041100000031532,5,924
vg1-0,12481,4.83268571431556,4,925
vg1-1,12493,5.112928571461548,5,926
vg1-2,12505,5.170071428601551,5,927
vg1-3,12517,5.001585714321549,5,928
vg1-4,12530,5.171042857177507,5,929
vg1-5,12548,4.606842857181546,4,930
vg1-6,12560,4.210071428605549,4,931
vg1-7,12573,5.023157142891548,5,932
vg1-8,12587,5.047771428605544,5,933
vg1-9,12605,5.01614285716958,5,934
vg1-10,12618,5.073585714325552,5,935
vg1-11,12630,5.109585714317552,5,936
vg1-0,12640,4.553685714315582,4,937
vg1-1,12653,4.636700000033571,4,938
vg1-2,12666,3.963814285745577,3,939
vg1-3,12681,4.34004285717957,4,940
vg1-4,12706,3.5081857143235258,3,941
vg1-5,12718,5.032928571467566,5,942
vg1-6,12732,5.07604285717757,5,943
vg1-7,12747,4.372242857177568,4,944
vg1-8,12758,4.386057142891563,4,945
vg1-9,12771,5.025742857169601,5,946
vg1-10,12782,5.10881428575557,5,947
vg1-11,12795,4.691128571461573,4,948
vg1-0,12808,4.8639714286016025,4,949
vg1-1,12820,4.8317000000335915,4,950
vg1-2,12832,5.072614285745597,5,951
vg1-3,12845,4.534528571465595,4,952
vg1-4,12859,5.022157142895547,5,953
vg1-5,12870,5.170928571467588,5,954
vg1-6,12885,3.9176142857495924,3,955
vg1-7,12897,4.729328571463588,4,956
vg1-8,12909,4.777857142891585,4,957
vg1-9,12918,4.908742857169622,4,958
vg1-10,12932,5.095700000041586,5,959
vg1-11,12946,5.143871428605594,5,960
vg1-0,12959,4.538771428601621,4,961
vg1-1,12974,5.02730000003361,5,962
vg1-2,12990,5.105785714317616,5,963
vg1-3,13002,5.216128571465611,5,964
vg1-4,13017,3.3316142857535636,3,965
vg1-5,13032,4.649528571467605,4,966
vg1-6,13045,4.159414285749609,4,967
vg1-7,13058,3.9643285714636045,3,968
vg1-8,13070,4.69505714289161,4,969
vg1-9,13081,3.7963428571696447,3,970
vg1-10,13094,4.329328571471609,4,971
vg1-11,13105,4.737071428605617,4,972
vg1-0,13118,4.501657142887643,4,973
vg1-1,13130,4.8521000000336345,4,974
vg1-2,13142,4.3983857143176355,4,975
vg1-3,13157,4.5197000000376315,4,976
vg1-4,13169,4.822785714325584,4,977
vg1-5,13182,4.243328571467632,4,978
vg1-6,13195,4.157614285749634,4,979
vg1-7,13206,4.460528571463627,4,980
vg1-8,13218,4.959742857177632,4,981
vg1-9,13230,4.535542857169666,4,982
vg1-10,13245,3.7959285714716335,3,983
vg1-11,13259,3.7867571428916404,3,984
vg1-0,13276,3.933457142887666,3,985
vg1-1,13292,3.7745000000336546,3,986
vg1-2,13311,3.95738571431766,3,987
vg1-3,13323,4.679985714323654,4,988
