id,tick,speed(float),speed(discrete),Tot v
vehG-0,164,2.213428571430001,2,1
vehG-1,242,2.3571,2,2
vehG-2,255,4.0647,4,3
vehG-3,264,4.157100000000001,4,4
vehG-4,276,3.925500000000001,3,5
vehG-5,287,4.017900000000001,4,6
vehG-6,297,4.028771428574001,4,7
vehG-7,307,4.1529714285720045,4,8
vehG-8,321,4.071800000000005,4,9
vehG-9,336,4.094600000000006,4,10
vehG-10,351,4.0713000000000115,4,11
vehG-11,367,3.9663000000000115,3,12
vehG-12,382,4.0119000000000105,4,13
vehG-13,392,4.104300000000011,4,14
vehG-0,422,5.0,5,15
vehG-14,435,5.0,5,16
vehG-15,450,4.676,4,17
vehG-16,463,4.271000000000001,4,18
vehG-17,478,3.842600000000002,3,19
vehG-1,492,4.097000000000001,4,20
vehG-2,507,3.7496000000000036,3,21
vehG-3,521,4.004600000000001,4,22
vehG-4,568,4.676,4,23
vehG-5,579,5.0,5,24
vehG-6,596,5.0,5,25
vehG-7,610,4.9190000000000005,4,26
vehG-8,623,5.0,5,27
vehG-9,637,4.352,4,28
vehG-10,652,4.201400000000001,4,29
vehG-11,667,4.0394000000000005,4,30
vehG-12,706,5.0,5,31
vehG-13,720,5.0,5,32
vehG-0,731,4.595000000000001,4,33
vehG-14,746,4.9190000000000005,4,34
vehG-15,761,4.131800000000001,4,35
vehG-16,775,3.947000000000001,3,36
vehG-17,830,4.802685714286003,4,37
vehG-1,844,4.675485714286004,4,38
vehG-2,855,5.0,5,39
vehG-3,869,5.0,5,40
vehG-4,882,4.155200000000001,4,41
vehG-5,932,5.0,5,42
vehG-6,944,4.595000000000001,4,43
vehG-7,961,4.9190000000000005,4,44
vehG-8,975,5.0,5,45
vehG-9,988,5.0,5,46
vehG-10,1001,4.606400000000002,4,47
vehG-11,1044,5.0,5,48
vehG-12,1057,5.0,5,49
vehG-13,1069,4.271000000000001,4,50
vehG-0,1083,4.352,4,51
vehG-14,1107,5.0,5,52
vehG-15,1156,4.595000000000001,4,53
vehG-16,1176,5.0,5,54
vehG-17,1192,5.0,5,55
vehG-1,1203,4.676,4,56
vehG-2,1217,5.0,5,57
vehG-3,1230,4.641200000000001,4,58
vehG-4,1263,4.352,4,59
vehG-5,1275,5.0,5,60
vehG-6,1290,5.0,5,61
vehG-7,1306,3.7502000000000013,3,62
vehG-8,1320,4.097000000000003,4,63
vehG-9,1333,3.796400000000001,3,64
vehG-10,1370,5.0,5,65
vehG-11,1382,4.676,4,66
vehG-12,1395,4.676,4,67
vehG-13,1409,4.247600000000001,4,68
vehG-0,1422,4.155200000000001,4,69
vehG-14,1437,4.0508000000000015,4,70
vehG-15,1453,4.524800000000006,4,71
vehG-16,1468,3.974442857144012,3,72
vehG-17,1484,3.993900000002012,3,73
vehG-1,1498,3.8865857142860105,3,74
vehG-2,1522,5.0,5,75
vehG-3,1537,5.0,5,76
vehG-4,1552,4.352,4,77
vehG-5,1568,5.0,5,78
vehG-6,1581,4.9190000000000005,4,79
vehG-7,1598,5.0,5,80
vehG-8,1610,4.271000000000001,4,81
vehG-9,1624,4.120400000000001,4,82
vehG-10,1667,5.0,5,83
vehG-11,1679,5.0,5,84
vehG-12,1695,4.676,4,85
vehG-13,1711,4.514000000000001,4,86
vehG-0,1725,3.912200000000001,3,87
vehG-14,1739,4.352,4,88
vehG-15,1754,4.166600000000002,4,89
vehG-16,1770,4.015400000000004,4,90
vehG-17,1784,3.703400000000002,3,91
vehG-1,1825,4.595000000000001,4,92
vehG-2,1839,5.0,5,93
vehG-3,1851,5.0,5,94
vehG-4,1863,5.0,5,95
vehG-5,1875,4.109000000000002,4,96
vehG-6,1938,4.676,4,97
vehG-7,1952,5.0,5,98
vehG-8,1968,4.9190000000000005,4,99
vehG-9,1982,5.0,5,100
vehG-10,1995,5.0,5,101
vehG-11,2010,5.0,5,102
vehG-12,2021,4.352,4,103
vehG-13,2036,3.7809000000000115,3,104
vehG-0,2048,4.0119000000000105,4,105
vehG-14,2071,4.676,4,106
vehG-15,2092,5.0,5,107
vehG-16,2104,5.0,5,108
vehG-17,2118,4.271000000000001,4,109
vehG-1,2131,3.947000000000001,3,110
vehG-2,2145,4.352,4,111
vehG-3,2192,4.9190000000000005,4,112
vehG-4,2204,5.0,5,113
vehG-5,2216,5.0,5,114
vehG-6,2231,4.676,4,115
vehG-7,2250,4.9190000000000005,4,116
vehG-8,2262,4.352,4,117
vehG-9,2279,4.4210857142860025,4,118
vehG-10,2293,3.692000000000003,3,119
vehG-11,2326,5.0,5,120
vehG-12,2339,4.9190000000000005,4,121
vehG-13,2352,4.155200000000001,4,122
vehG-0,2365,3.912200000000001,3,123
vehG-14,2381,3.7268000000000017,3,124
vehG-15,2396,4.108400000000001,4,125
vehG-16,2409,3.7730000000000015,3,126
vehG-17,2426,4.190000000000001,4,127
vehG-1,2476,4.606400000000005,4,128
vehG-2,2491,3.749600000000002,3,129
vehG-3,2506,4.4204000000000025,4,130
vehG-4,2520,4.676,4,131
vehG-5,2535,3.887600000000005,3,132
vehG-6,2550,4.015400000000003,4,133
vehG-7,2575,5.0,5,134
vehG-8,2588,5.0,5,135
vehG-9,2605,5.0,5,136
vehG-10,2617,5.0,5,137
vehG-11,2632,5.0,5,138
vehG-12,2646,3.831200000000001,3,139
vehG-13,2687,4.595000000000001,4,140
vehG-0,2700,4.595000000000001,4,141
vehG-14,2713,4.676,4,142
vehG-15,2726,4.606400000000002,4,143
vehG-16,2743,5.0,5,144
vehG-17,2755,4.7570000000000014,4,145
vehG-1,2770,4.398200000000001,4,146
vehG-2,2786,4.282400000000002,4,147
vehG-3,2801,3.7382000000000017,3,148
vehG-4,2846,5.0,5,149
vehG-5,2863,5.0,5,150
vehG-6,2874,4.676,4,151
vehG-7,2886,4.190000000000001,4,152
vehG-8,2902,4.190000000000001,4,153
vehG-9,2955,4.7570000000000014,4,154
vehG-10,2970,4.352,4,155
vehG-11,2988,4.676,4,156
vehG-12,3011,4.0394000000000005,4,157
vehG-13,3025,5.0,5,158
vehG-0,3065,5.0,5,159
vehG-14,3077,5.0,5,160
vehG-15,3094,5.0,5,161
vehG-16,3105,4.352,4,162
vehG-17,3119,4.9190000000000005,4,163
vehG-1,3132,4.039400000000001,4,164
vehG-2,3149,4.0280000000000005,4,165
vehG-3,3165,4.293800000000002,4,166
vehG-4,3193,4.0280000000000005,4,167
vehG-5,3216,4.676,4,168
vehG-6,3231,5.0,5,169
vehG-7,3244,4.271000000000001,4,170
vehG-8,3258,4.352,4,171
vehG-9,3271,4.271000000000001,4,172
vehG-10,3314,5.0,5,173
vehG-11,3328,5.0,5,174
vehG-12,3341,5.0,5,175
vehG-13,3356,3.599771428572001,3,176
vehG-0,3370,3.854000000000002,3,177
vehG-14,3385,3.807800000000001,3,178
vehG-15,3430,5.0,5,179
vehG-16,3446,5.0,5,180
vehG-17,3460,5.0,5,181
vehG-1,3473,4.363400000000001,4,182
vehG-2,3487,4.004600000000001,4,183
vehG-3,3502,4.108400000000002,4,184
vehG-4,3540,5.0,5,185
vehG-5,3553,5.0,5,186
vehG-6,3565,5.0,5,187
vehG-7,3580,5.0,5,188
vehG-8,3592,4.271000000000001,4,189
vehG-9,3639,4.676,4,190
vehG-10,3652,4.676,4,191
vehG-11,3668,4.560200000000002,4,192
vehG-12,3680,4.676,4,193
vehG-13,3693,4.676,4,194
vehG-0,3707,3.947000000000001,3,195
vehG-14,3721,4.166600000000003,4,196
vehG-15,3736,3.703400000000003,3,197
vehG-16,3752,4.054328571430012,4,198
vehG-17,3781,5.0,5,199
vehG-1,3793,5.0,5,200
vehG-2,3806,5.0,5,201
vehG-3,3820,4.595000000000001,4,202
vehG-4,3834,4.0394000000000005,4,203
vehG-5,3850,3.7382000000000017,3,204
vehG-6,3865,3.7610000000000037,3,205
vehG-7,3880,3.761000000000003,3,206
vehG-8,3895,3.772400000000003,3,207
vehG-9,3927,5.0,5,208
vehG-10,3942,5.0,5,209
vehG-11,3955,5.0,5,210
vehG-12,3973,3.969885714286001,3,211
vehG-13,3987,3.703400000000002,3,212
vehG-0,4003,4.188800000000003,4,213
vehG-14,4017,4.1426000000000025,4,214
vehG-15,4033,3.887600000000003,3,215
vehG-16,4048,4.104900000000012,4,216
vehG-17,4097,4.0280000000000005,4,217
vehG-1,4114,4.9190000000000005,4,218
vehG-2,4127,5.0,5,219
vehG-3,4142,5.0,5,220
vehG-4,4155,4.0280000000000005,4,221
vehG-5,4213,5.0,5,222
vehG-6,4226,5.0,5,223
vehG-7,4238,4.676,4,224
vehG-8,4254,4.3052857142860015,4,225
vehG-9,4303,5.0,5,226
vehG-10,4316,4.0280000000000005,4,227
vehG-11,4329,4.595000000000001,4,228
vehG-12,4344,4.166600000000001,4,229
vehG-13,4358,4.189400000000003,4,230
vehG-0,4416,5.0,5,231
vehG-14,4433,5.0,5,232
vehG-15,4445,4.676,4,233
vehG-16,4460,4.676,4,234
vehG-17,4472,4.9190000000000005,4,235
vehG-1,4488,4.352,4,236
vehG-2,4502,4.155200000000001,4,237
vehG-3,4517,4.097000000000001,4,238
vehG-4,4551,4.595000000000001,4,239
vehG-5,4565,5.0,5,240
vehG-6,4578,4.9190000000000005,4,241
vehG-7,4590,5.0,5,242
vehG-8,4603,4.0394000000000005,4,243
vehG-9,4624,4.119542857144002,4,244
vehG-10,4637,4.397000000000006,4,245
vehG-11,4652,4.014800000000005,4,246
vehG-12,4699,5.0,5,247
vehG-13,4712,5.0,5,248
vehG-0,4725,5.0,5,249
vehG-14,4743,5.0,5,250
vehG-15,4755,5.0,5,251
vehG-16,4771,5.0,5,252
vehG-17,4785,4.0394000000000005,4,253
vehG-1,4800,4.189400000000003,4,254
vehG-2,4814,4.0201142857160095,4,255
vehG-3,4845,4.9190000000000005,4,256
vehG-4,4858,5.0,5,257
vehG-5,4873,5.0,5,258
vehG-6,4887,4.0280000000000005,4,259
vehG-7,4901,4.479200000000002,4,260
vehG-8,4917,4.467200000000004,4,261
vehG-9,4933,3.9578000000000038,3,262
vehG-10,4948,4.177400000000002,4,263
vehG-11,5004,4.9190000000000005,4,264
vehG-12,5015,5.0,5,265
vehG-13,5028,4.352,4,266
vehG-0,5043,3.7040000000000024,3,267
vehG-14,5058,3.796400000000003,3,268
vehG-15,5099,5.0,5,269
vehG-16,5112,4.352,4,270
vehG-17,5125,5.0,5,271
vehG-1,5139,5.0,5,272
vehG-2,5153,3.8660000000000014,3,273
vehG-3,5167,4.838000000000003,4,274
vehG-4,5224,5.0,5,275
vehG-5,5239,4.514000000000001,4,276
vehG-6,5253,4.155200000000001,4,277
vehG-7,5268,4.988085714286004,4,278
vehG-8,5324,5.0,5,279
vehG-9,5339,5.0,5,280
vehG-10,5353,5.0,5,281
vehG-11,5367,5.0,5,282
vehG-12,5380,4.398200000000001,4,283
vehG-13,5438,5.0,5,284
vehG-0,5453,5.0,5,285
vehG-14,5472,5.0,5,286
vehG-15,5485,4.9190000000000005,4,287
vehG-16,5505,5.0,5,288
vehG-17,5518,4.433000000000002,4,289
vehG-1,5532,4.0280000000000005,4,290
vehG-2,5547,4.105500000000013,4,291
vehG-3,5582,5.0,5,292
vehG-4,5595,5.0,5,293
vehG-5,5608,5.0,5,294
vehG-6,5622,4.9190000000000005,4,295
vehG-7,5635,4.190000000000001,4,296
vehG-8,5704,5.0,5,297
vehG-9,5717,5.0,5,298
vehG-10,5731,5.0,5,299
vehG-11,5746,5.0,5,300
vehG-12,5807,5.0,5,301
vehG-13,5819,5.0,5,302
vehG-0,5831,5.0,5,303
vehG-14,5844,5.0,5,304
vehG-15,5858,4.120400000000001,4,305
vehG-16,5909,5.0,5,306
vehG-17,5925,4.676,4,307
vehG-1,5937,5.0,5,308
vehG-2,5950,4.190000000000001,4,309
vehG-3,5967,5.0,5,310
vehG-4,5981,4.676,4,311
vehG-5,5995,3.7040000000000024,3,312
vehG-6,6013,3.807800000000001,3,313
vehG-7,6029,3.9803571428580127,3,314
vehG-8,6071,4.271000000000001,4,315
vehG-9,6085,4.676000000000002,4,316
vehG-10,6102,5.0,5,317
vehG-11,6114,4.595000000000001,4,318
vehG-12,6128,4.595000000000001,4,319
vehG-13,6145,4.595000000000001,4,320
vehG-0,6158,3.7040000000000006,3,321
vehG-14,6173,4.189400000000002,4,322
vehG-15,6195,4.676,4,323
vehG-16,6207,4.433000000000002,4,324
vehG-17,6222,4.9190000000000005,4,325
vehG-1,6236,4.363400000000001,4,326
vehG-2,6248,4.271000000000003,4,327
vehG-3,6265,4.155200000000001,4,328
vehG-4,6280,3.854000000000002,3,329
vehG-5,6296,4.039400000000001,4,330
vehG-6,6329,4.9190000000000005,4,331
vehG-7,6341,5.0,5,332
vehG-8,6355,4.271000000000001,4,333
vehG-9,6369,4.004600000000001,4,334
vehG-10,6384,3.7268000000000017,3,335
vehG-11,6399,4.004600000000003,4,336
vehG-12,6453,5.0,5,337
vehG-13,6468,5.0,5,338
vehG-0,6481,5.0,5,339
vehG-14,6501,4.838000000000001,4,340
vehG-15,6514,4.838000000000001,4,341
vehG-16,6530,5.0,5,342
vehG-17,6544,4.155200000000001,4,343
vehG-1,6559,4.0508000000000015,4,344
vehG-2,6596,4.9190000000000005,4,345
vehG-3,6607,5.0,5,346
vehG-4,6621,4.676,4,347
vehG-5,6634,4.9190000000000005,4,348
vehG-6,6648,4.9190000000000005,4,349
vehG-7,6662,4.3286000000000024,4,350
vehG-8,6677,3.912200000000001,3,351
vehG-9,6694,3.923600000000001,3,352
vehG-10,6739,5.0,5,353
vehG-11,6752,5.0,5,354
vehG-12,6763,4.676,4,355
vehG-13,6777,4.514000000000001,4,356
vehG-0,6791,4.201400000000002,4,357
vehG-14,6806,3.865400000000002,3,358
vehG-15,6820,4.120400000000001,4,359
vehG-16,6834,3.9441000000000126,3,360
vehG-17,6878,5.0,5,361
vehG-1,6906,5.0,5,362
vehG-2,6923,5.0,5,363
vehG-3,6938,4.5716857142860015,4,364
vehG-4,6965,5.0,5,365
vehG-5,6980,5.0,5,366
vehG-6,6996,5.0,5,367
vehG-7,7008,4.676,4,368
vehG-8,7023,4.676,4,369
vehG-9,7036,4.155200000000001,4,370
vehG-10,7078,4.676,4,371
vehG-11,7093,5.0,5,372
vehG-12,7105,3.947000000000001,3,373
vehG-13,7123,4.073600000000002,4,374
vehG-0,7136,3.957800000000003,3,375
vehG-14,7157,4.292514285716004,4,376
vehG-15,7189,5.0,5,377
vehG-16,7201,5.0,5,378
vehG-17,7214,4.9190000000000005,4,379
vehG-1,7232,4.514000000000001,4,380
vehG-2,7244,4.676,4,381
vehG-3,7261,4.073600000000002,4,382
vehG-4,7294,4.676,4,383
vehG-5,7311,4.595000000000001,4,384
vehG-6,7323,5.0,5,385
vehG-7,7336,4.595000000000001,4,386
vehG-8,7351,4.120400000000001,4,387
vehG-9,7423,5.0,5,388
vehG-10,7440,4.676,4,389
vehG-11,7452,4.9190000000000005,4,390
vehG-12,7468,5.0,5,391
vehG-13,7482,4.166600000000002,4,392
vehG-0,7515,5.0,5,393
vehG-14,7527,4.676,4,394
vehG-15,7540,4.838000000000001,4,395
vehG-16,7552,5.0,5,396
vehG-17,7568,4.016000000000001,4,397
vehG-1,7583,4.062200000000002,4,398
vehG-2,7638,5.0,5,399
vehG-3,7657,4.595000000000001,4,400
vehG-4,7669,4.676,4,401
vehG-5,7682,4.7570000000000014,4,402
vehG-6,7695,4.9190000000000005,4,403
vehG-7,7709,4.201400000000001,4,404
vehG-8,7751,4.363400000000004,4,405
vehG-9,7763,4.9190000000000005,4,406
vehG-10,7779,5.0,5,407
vehG-11,7790,4.676,4,408
vehG-12,7804,4.109000000000002,4,409
vehG-13,7819,3.7268000000000026,3,410
vehG-0,7834,3.911600000000002,3,411
vehG-14,7848,4.177400000000002,4,412
vehG-15,7863,4.0382000000000025,4,413
vehG-16,7893,5.0,5,414
vehG-17,7912,4.919000000000002,4,415
vehG-1,7925,4.514000000000003,4,416
vehG-2,7937,4.271000000000001,4,417
vehG-3,7951,3.7502000000000013,3,418
vehG-4,7966,4.293800000000002,4,419
vehG-5,7983,4.143200000000001,4,420
vehG-6,7998,3.876800000000002,3,421
vehG-7,8029,4.9190000000000005,4,422
vehG-8,8042,5.0,5,423
vehG-9,8055,4.676,4,424
vehG-10,8069,4.838000000000001,4,425
vehG-11,8085,4.676,4,426
vehG-12,8100,5.0,5,427
vehG-13,8149,4.7570000000000014,4,428
vehG-0,8166,4.676,4,429
vehG-14,8179,5.0,5,430
vehG-15,8194,5.0,5,431
vehG-16,8208,4.271000000000001,4,432
vehG-17,8224,4.0622000000000025,4,433
vehG-1,8238,3.8517000000000126,3,434
vehG-2,8254,4.117071428572013,4,435
vehG-3,8294,5.0,5,436
vehG-4,8307,4.838000000000001,4,437
vehG-5,8325,5.0,5,438
vehG-6,8339,4.676,4,439
vehG-7,8354,4.676,4,440
vehG-8,8370,4.398200000000001,4,441
vehG-9,8383,3.796400000000001,3,442
vehG-10,8398,4.845900000000014,4,443
vehG-11,8412,3.827100000000012,3,444
vehG-12,8444,5.0,5,445
vehG-13,8458,5.0,5,446
vehG-0,8473,4.433000000000002,4,447
vehG-14,8488,5.0,5,448
vehG-15,8504,4.595000000000001,4,449
vehG-16,8518,5.0,5,450
vehG-17,8530,4.0280000000000005,4,451
vehG-1,8545,4.085600000000002,4,452
vehG-2,8607,4.676,4,453
vehG-3,8627,5.0,5,454
vehG-4,8639,5.0,5,455
vehG-5,8689,4.9190000000000005,4,456
vehG-6,8706,4.595000000000001,4,457
vehG-7,8719,5.0,5,458
vehG-8,8734,5.0,5,459
vehG-9,8747,3.7040000000000006,3,460
vehG-10,8762,4.097000000000002,4,461
vehG-11,8776,3.9908142857160116,3,462
vehG-12,8791,3.9294428571440094,3,463
vehG-13,8806,3.9032142857160097,3,464
vehG-0,8821,3.993200000000002,3,465
vehG-14,8835,3.912200000000001,3,466
vehG-15,8853,5.0,5,467
vehG-16,8866,4.271000000000001,4,468
vehG-17,8880,4.004600000000003,4,469
vehG-1,8896,3.7844000000000024,3,470
vehG-2,8910,3.7040000000000006,3,471
vehG-3,8925,4.187100000000013,4,472
vehG-4,8941,4.128385714286014,4,473
vehG-5,8969,5.0,5,474
vehG-6,8989,5.0,5,475
vehG-7,9001,4.676,4,476
vehG-8,9015,4.595000000000001,4,477
vehG-9,9029,4.0508000000000015,4,478
vehG-10,9045,3.8306000000000022,3,479
vehG-11,9060,4.166000000000002,4,480
vehG-12,9074,4.016000000000001,4,481
vehG-13,9110,4.352,4,482
vehG-0,9125,5.0,5,483
vehG-14,9138,4.514000000000001,4,484
vehG-15,9155,4.676,4,485
vehG-16,9167,4.838000000000001,4,486
vehG-17,9180,4.560200000000002,4,487
vehG-1,9196,4.305200000000002,4,488
vehG-2,9234,4.676,4,489
vehG-3,9247,5.0,5,490
vehG-4,9259,4.9190000000000005,4,491
vehG-5,9273,4.9190000000000005,4,492
vehG-6,9287,4.166600000000002,4,493
vehG-7,9301,4.016000000000005,4,494
vehG-8,9350,5.0,5,495
vehG-9,9365,5.0,5,496
vehG-10,9380,4.676,4,497
vehG-11,9395,5.0,5,498
vehG-12,9411,4.9190000000000005,4,499
vehG-13,9468,4.676,4,500
vehG-0,9484,4.676,4,501
vehG-14,9496,5.0,5,502
vehG-15,9509,5.0,5,503
vehG-16,9522,3.796400000000001,3,504
vehG-17,9540,3.854000000000002,3,505
vehG-1,9556,4.131200000000003,4,506
vehG-2,9570,3.8505857142860123,3,507
vehG-3,9584,3.8292428571440116,3,508
vehG-4,9604,5.0,5,509
vehG-5,9618,4.595000000000001,4,510
vehG-6,9632,4.352,4,511
vehG-7,9654,4.676,4,512
vehG-8,9669,4.676,4,513
vehG-9,9684,4.0394000000000005,4,514
vehG-10,9700,3.819200000000002,3,515
vehG-11,9715,4.081500000000011,4,516
vehG-12,9727,3.780300000000011,3,517
vehG-13,9758,4.676,4,518
vehG-0,9772,5.0,5,519
vehG-14,9785,5.0,5,520
vehG-15,9800,3.923600000000001,3,521
vehG-16,9813,4.074200000000003,4,522
vehG-17,9830,4.166600000000002,4,523
vehG-1,9845,4.305200000000003,4,524
vehG-2,9860,4.119800000000004,4,525
vehG-3,9896,5.0,5,526
vehG-4,9911,5.0,5,527
vehG-5,9924,4.676,4,528
vehG-6,9939,5.0,5,529
vehG-7,9952,4.074200000000001,4,530
vehG-8,9966,4.0280000000000005,4,531
vehG-9,10015,4.7570000000000014,4,532
vehG-10,10026,4.352,4,533
vehG-11,10040,4.676,4,534
vehG-12,10055,4.271000000000001,4,535
vehG-13,10069,4.120400000000003,4,536
vehG-0,10118,4.884200000000003,4,537
vehG-14,10132,4.409600000000003,4,538
vehG-15,10148,4.5135714285720026,4,539
vehG-16,10160,4.595000000000001,4,540
vehG-17,10174,4.676,4,541
vehG-1,10188,4.154600000000006,4,542
vehG-2,10203,4.595000000000001,4,543
vehG-3,10216,4.0280000000000005,4,544
vehG-4,10232,3.9575571428580125,3,545
vehG-5,10263,5.0,5,546
vehG-6,10275,4.676,4,547
vehG-7,10292,5.0,5,548
vehG-8,10305,4.0280000000000005,4,549
vehG-9,10319,4.201400000000001,4,550
vehG-10,10334,3.785000000000002,3,551
vehG-11,10374,5.0,5,552
vehG-12,10390,5.0,5,553
vehG-13,10403,5.0,5,554
vehG-0,10418,5.0,5,555
vehG-14,10432,4.363400000000001,4,556
vehG-15,10445,3.796400000000003,3,557
vehG-16,10470,5.0,5,558
vehG-17,10483,4.26527142857601,4,559
vehG-1,10495,3.8226428571460085,3,560
vehG-2,10511,4.271000000000001,4,561
vehG-3,10525,5.0,5,562
vehG-4,10538,5.0,5,563
vehG-5,10553,3.807800000000001,3,564
vehG-6,10567,4.640600000000003,4,565
vehG-7,10581,3.7844000000000024,3,566
vehG-8,10596,4.316600000000003,4,567
vehG-9,10611,4.108400000000001,4,568
vehG-10,10625,3.783800000000004,3,569
vehG-11,10665,4.676,4,570
vehG-12,10679,4.9190000000000005,4,571
vehG-13,10695,5.0,5,572
vehG-0,10707,4.676,4,573
vehG-14,10720,3.831200000000001,3,574
vehG-15,10737,4.617885714286003,4,575
vehG-16,10753,4.119800000000004,4,576
vehG-17,10767,3.7844000000000033,3,577
vehG-1,10800,4.676000000000002,4,578
vehG-2,10813,5.0,5,579
vehG-3,10829,5.0,5,580
vehG-4,10841,4.9190000000000005,4,581
vehG-5,10858,5.0,5,582
vehG-6,10871,4.7570000000000014,4,583
vehG-7,10885,4.166600000000001,4,584
vehG-8,10898,3.7040000000000006,3,585
vehG-9,10913,4.0850000000000035,4,586
vehG-10,10954,5.0,5,587
vehG-11,10970,5.0,5,588
vehG-12,10984,5.0,5,589
vehG-13,10997,5.0,5,590
vehG-0,11048,5.0,5,591
vehG-14,11066,5.0,5,592
vehG-15,11081,5.0,5,593
vehG-16,11095,4.676,4,594
vehG-17,11109,4.201400000000002,4,595
vehG-1,11124,3.7473000000000125,3,596
vehG-2,11160,4.271000000000001,4,597
vehG-3,11174,4.676,4,598
vehG-4,11188,5.0,5,599
vehG-5,11200,4.595000000000001,4,600
vehG-6,11214,4.641200000000005,4,601
vehG-7,11229,3.9698000000000024,3,602
vehG-8,11242,4.189400000000002,4,603
vehG-9,11257,4.050200000000003,4,604
vehG-10,11288,4.9190000000000005,4,605
vehG-11,11300,4.352,4,606
vehG-12,11313,4.190000000000003,4,607
vehG-13,11327,4.085600000000002,4,608
vehG-0,11343,3.876800000000003,3,609
vehG-14,11358,4.108400000000003,4,610
vehG-15,11409,4.9190000000000005,4,611
vehG-16,11422,4.676,4,612
vehG-17,11434,5.0,5,613
vehG-1,11448,4.0280000000000005,4,614
vehG-2,11464,3.935000000000002,3,615
vehG-3,11479,3.957800000000003,3,616
vehG-4,11511,5.0,5,617
vehG-5,11526,5.0,5,618
vehG-6,11540,4.352,4,619
vehG-7,11555,3.680600000000001,3,620
vehG-8,11569,3.680600000000001,3,621
vehG-9,11583,3.6920000000000046,3,622
vehG-10,11598,3.7616000000000014,3,623
vehG-11,11611,4.004600000000001,4,624
vehG-12,11626,4.027400000000002,4,625
vehG-13,11685,5.0,5,626
vehG-0,11697,5.0,5,627
vehG-14,11710,4.595000000000001,4,628
vehG-15,11725,4.201400000000001,4,629
vehG-16,11739,4.120400000000003,4,630
vehG-17,11798,5.0,5,631
vehG-1,11818,4.0394000000000005,4,632
vehG-2,11833,5.0,5,633
vehG-3,11844,3.7040000000000006,3,634
vehG-4,11858,3.680600000000001,3,635
vehG-5,11909,4.919000000000002,4,636
vehG-6,11924,5.0,5,637
vehG-7,11935,4.9190000000000005,4,638
vehG-8,11949,4.595000000000001,4,639
vehG-9,11964,4.838000000000001,4,640
vehG-10,12015,4.352,4,641
vehG-11,12029,5.0,5,642
vehG-12,12043,5.0,5,643
vehG-13,12056,4.514000000000001,4,644
vehG-0,12069,4.0280000000000005,4,645
vehG-14,12084,4.201400000000004,4,646
vehG-15,12126,5.0,5,647
vehG-16,12139,5.0,5,648
vehG-17,12151,5.0,5,649
vehG-1,12166,4.595000000000001,4,650
vehG-2,12181,4.398200000000001,4,651
vehG-3,12195,4.155200000000001,4,652
vehG-4,12211,4.340000000000002,4,653
vehG-5,12251,5.0,5,654
vehG-6,12264,4.676,4,655
vehG-7,12285,5.0,5,656
vehG-8,12298,5.0,5,657
vehG-9,12313,4.676000000000004,4,658
vehG-10,12326,4.641200000000001,4,659
vehG-11,12342,4.116900000000011,4,660
vehG-12,12356,4.162500000000011,4,661
vehG-13,12366,3.7227000000000103,3,662
vehG-0,12392,5.0,5,663
vehG-14,12404,5.0,5,664
vehG-15,12421,5.0,5,665
vehG-16,12432,4.352,4,666
vehG-17,12447,4.398200000000001,4,667
vehG-1,12461,3.7154000000000007,3,668
vehG-2,12476,4.189400000000004,4,669
vehG-3,12493,4.154000000000004,4,670
vehG-4,12508,4.111914285716008,4,671
vehG-5,12536,5.0,5,672
vehG-6,12549,4.352,4,673
vehG-7,12562,5.0,5,674
vehG-8,12576,4.0280000000000005,4,675
vehG-9,12590,4.166600000000001,4,676
vehG-10,12605,4.143200000000004,4,677
vehG-11,12621,4.177400000000005,4,678
vehG-12,12638,3.8528000000000056,3,679
vehG-13,12653,3.8060000000000054,3,680
vehG-0,12696,5.0,5,681
vehG-14,12709,5.0,5,682
vehG-15,12721,4.838000000000001,4,683
vehG-16,12733,4.271000000000001,4,684
vehG-17,12752,5.0,5,685
vehG-1,12768,4.155200000000001,4,686
vehG-2,12782,3.680600000000001,3,687
vehG-3,12797,3.9507000000020125,3,688
vehG-4,12828,4.271000000000001,4,689
vehG-5,12842,4.282400000000002,4,690
vehG-6,12854,4.0280000000000005,4,691
vehG-7,12868,4.571600000000003,4,692
vehG-8,12892,5.0,5,693
vehG-9,12950,4.352,4,694
vehG-10,12964,5.0,5,695
vehG-11,12982,4.676,4,696
vehG-12,12995,5.0,5,697
vehG-13,13007,4.676,4,698
vehG-0,13019,4.0280000000000005,4,699
vehG-14,13034,4.0508000000000015,4,700
vehG-15,13050,3.935000000000002,3,701
vehG-16,13101,4.676,4,702
vehG-17,13115,5.0,5,703
vehG-1,13128,5.0,5,704
vehG-2,13144,4.514000000000001,4,705
vehG-3,13157,4.595000000000001,4,706
vehG-4,13194,4.676,4,707
vehG-5,13209,5.0,5,708
vehG-6,13222,4.560200000000002,4,709
vehG-7,13241,5.0,5,710
vehG-8,13256,5.0,5,711
vehG-9,13269,4.0280000000000005,4,712
vehG-10,13315,5.0,5,713
vehG-11,13328,5.0,5,714
