
vehG-0,273,1.5795,1,1
vehG-1,290,3.4376999999999995,3,2
vehG-2,304,4.3053,4,3
vehG-3,316,3.8469857142860002,3,4
vehG-4,328,4.156757142858001,4,5
vehG-5,366,4.190000000000005,4,6
vehG-6,383,4.189400000000002,4,7
vehG-7,401,4.107800000000005,4,8
vehG-8,454,4.074200000000001,4,9
vehG-9,471,4.154600000000003,4,10
vehG-10,489,2.893057142858002,2,11
vehG-11,531,2.3571,2,12
vehG-12,545,2.4681857142859998,2,13
vehG-13,560,1.042585714286,1,14
vehG-14,577,2.9389142857180035,2,15
vehG-15,591,3.232914285716002,3,16
vehG-16,602,2.4938857142900033,2,17
vehG-17,621,2.4222428571480066,2,18
vehG-18,657,2.7296999999999993,2,19
vehG-19,669,3.1900571428599998,3,20
vehG-20,683,2.753685714288003,2,21
vehG-0,698,3.054628571430003,3,22
vehG-1,713,3.701685714286005,3,23
vehG-2,729,3.159642857146011,3,24
vehG-3,785,2.5595999999999997,2,25
vehG-4,812,4.826000000000002,4,26
vehG-5,826,4.190000000000001,4,27
vehG-6,843,3.749600000000002,3,28
vehG-7,859,3.8931857142940056,3,29
vehG-8,875,2.7279428571500066,2,30
vehG-9,910,2.3571,2,31
vehG-10,926,3.4515857142859994,3,32
vehG-11,939,3.7382999999999997,3,33
vehG-12,983,3.796400000000001,3,34
vehG-13,1001,3.587685714286002,3,35
vehG-14,1039,3.680600000000001,3,36
vehG-15,1057,3.032257142858002,3,37
vehG-16,1090,2.1464999999999996,2,38
vehG-17,1101,3.015542857146002,3,39
vehG-18,1114,3.263000000002003,3,40
vehG-19,1161,3.900200000000001,3,41
vehG-20,1182,4.155200000000004,4,42
vehG-0,1198,4.016000000000001,4,43
vehG-1,1216,2.8752285714300023,2,44
vehG-2,1275,2.2923,2,45
vehG-3,1289,3.3415714285719997,3,46
vehG-4,1301,3.2106428571439993,3,47
vehG-5,1315,3.8767142857180006,3,48
vehG-6,1367,4.074200000000003,4,49
vehG-7,1399,3.2588857142880014,3,50
vehG-8,1417,2.858857142858001,2,51
vehG-9,1461,4.352,4,52
vehG-10,1477,3.680600000000001,3,53
vehG-11,1496,3.6339714285720017,3,54
vehG-12,1543,1.1021428571440035,1,55
vehG-13,1563,2.425228571430006,2,56
vehG-14,1577,2.7956000000020027,2,57
vehG-15,1594,3.565142857144005,3,58
vehG-16,1607,2.890757142860011,2,59
vehG-17,1622,2.766542857146008,2,60
vehG-18,1679,2.1627,2,61
vehG-19,1695,3.2028857142859994,3,62
vehG-20,1706,3.205914285718001,3,63
vehG-0,1719,3.078371428574002,3,64
vehG-1,1779,1.1744999999999999,1,65
vehG-2,1790,3.2180000000020006,3,66
vehG-3,1805,3.2077142857160026,3,67
vehG-4,1823,1.231314285716003,1,68
vehG-5,1869,2.9402999999999997,2,69
vehG-6,1884,3.3891857142859996,3,70
vehG-7,1896,3.6104857142880014,3,71
vehG-8,1909,3.446700000004011,3,72
vehG-9,1923,3.7253428571440033,3,73
vehG-10,1941,1.6504714285780075,1,74
vehG-11,1993,2.268,2,75
vehG-12,2009,3.7002857142859993,3,76
vehG-13,2022,4.085185714286,4,77
vehG-14,2034,4.193785714286001,4,78
vehG-15,2047,2.9397857142920096,2,79
vehG-16,2080,1.5795,1,80
vehG-17,2094,3.2457857142859994,3,81
vehG-18,2110,3.2815714285719992,3,82
vehG-19,2125,1.9742857142880037,1,83
vehG-20,2147,3.1485714285720006,3,84
vehG-0,2187,2.3571,2,85
vehG-1,2199,2.757285714288,2,86
vehG-2,2235,3.449171428572001,3,87
vehG-3,2255,3.1384571428580013,3,88
vehG-4,2294,1.0935,1,89
vehG-5,2331,3.185342857144001,3,90
vehG-6,2347,3.6568571428580023,3,91
vehG-7,2384,4.120400000000001,4,92
vehG-8,2402,4.131800000000002,4,93
vehG-9,2420,3.021028571430002,3,94
vehG-10,2439,2.601628571430004,2,95
vehG-11,2457,2.0549428571440034,2,96
vehG-12,2513,2.4543,2,97
vehG-13,2527,3.1599857142859995,3,98
vehG-14,2543,3.715071428572,3,99
vehG-15,2556,2.6528000000020016,2,100
vehG-16,2569,3.20841428571801,3,101
vehG-17,2617,2.268,2,102
vehG-18,2633,3.243385714285999,3,103
vehG-19,2648,4.076185714286,4,104
vehG-20,2660,4.069071428572,4,105
vehG-0,2674,3.7299428571439996,3,106
vehG-1,2706,4.1552000000000024,4,107
vehG-2,2723,4.189400000000002,4,108
vehG-3,2807,5.0,5,109
vehG-4,2854,3.947000000000001,3,110
vehG-5,2887,4.014971428574005,4,111
vehG-6,2899,3.7276714285740074,3,112
vehG-7,2920,2.8961428571440013,2,113
vehG-8,2964,2.8106999999999998,2,114
vehG-9,2977,2.981957142857999,2,115
vehG-10,2989,2.298971428574,2,116
vehG-11,3008,3.1948285714340123,3,117
vehG-12,3037,2.588342857144003,2,118
vehG-13,3069,2.8752285714300005,2,119
vehG-14,3083,2.730628571430003,2,120
vehG-15,3113,3.9578857142860024,3,121
vehG-16,3128,4.131285714286004,4,122
vehG-17,3146,3.289142857144001,3,123
vehG-18,3199,3.2687428571440007,3,124
vehG-19,3230,3.20162857143,3,125
vehG-20,3253,4.069328571434006,4,126
vehG-0,3265,3.417042857150005,3,127
vehG-1,3281,3.073842857150005,3,128
vehG-2,3321,1.2172142857160007,1,129
vehG-3,3338,3.0115142857160007,3,130
vehG-4,3350,3.3555714285720035,3,131
vehG-5,3366,3.7316142857160113,3,132
vehG-6,3381,4.09872857143001,4,133
vehG-7,3435,3.186542857146004,3,134
vehG-8,3457,1.5795,1,135
vehG-9,3531,4.676,4,136
vehG-10,3545,3.947000000000001,3,137
vehG-11,3563,3.471885714286002,3,138
vehG-12,3661,4.976600000000005,4,139
vehG-13,3681,5.0,5,140
vehG-14,3716,4.676,4,141
vehG-15,3754,3.973485714290004,3,142
vehG-16,3795,3.947000000000001,3,143
vehG-17,3815,3.5415714285720012,3,144
vehG-18,3839,2.6135428571440014,2,145
vehG-19,3856,2.9534000000020018,2,146
vehG-20,3872,3.136571428572001,3,147
vehG-0,3905,1.799342857144002,1,148
vehG-1,3958,2.7459,2,149
vehG-2,3973,3.4515857142859994,3,150
vehG-3,3987,3.4024571428580015,3,151
vehG-4,4004,3.184657142858002,3,152
vehG-5,4041,2.3571,2,153
vehG-6,4085,4.0394000000000005,4,154
vehG-7,4121,3.6887428571460026,3,155
vehG-8,4137,1.3269000000080085,1,156
vehG-9,4167,2.4170000000020004,2,157
vehG-10,4182,3.390200000002003,3,158
vehG-11,4233,4.258742857144003,4,159
vehG-12,4248,3.9224000000000028,3,160
vehG-13,4267,2.1413428571440027,2,161
vehG-14,4334,3.021299999999999,3,162
vehG-15,4346,4.078585714286,4,163
vehG-16,4359,3.648042857144,3,164
vehG-17,4371,2.9276000000040017,2,165
vehG-18,4386,3.169914285718004,3,166
vehG-19,4399,3.1722285714320035,3,167
vehG-20,4457,1.1744999999999999,1,168
vehG-0,4471,3.4539857142859995,3,169
vehG-1,4514,4.201400000000004,4,170
vehG-2,4539,3.830771428572004,3,171
vehG-3,4561,4.029285714288005,4,172
vehG-4,4578,3.9855000000020104,3,173
vehG-5,4619,3.1390571428580007,3,174
vehG-6,4635,4.142685714286002,4,175
vehG-7,4685,4.676,4,176
vehG-8,4703,4.004600000000001,4,177
vehG-9,4722,4.166000000000002,4,178
vehG-10,4740,2.0831428571440016,2,179
