id,tick,speed(float),speed(discrete),Tot v
vg1-0,221,1.5899428571440117,1,1
vg1-1,235,1.924042857144016,1,2
vg1-2,250,1.7786428571440152,1,3
vg1-3,265,1.9283571428580142,1,4
vg1-4,281,2.2385571428580127,2,5
vg1-5,295,3.055328571430013,3,6
vg1-6,309,3.008428571430011,3,7
vg1-7,322,3.171042857144015,3,8
vg1-8,336,3.2713571428580144,3,9
vg1-9,349,3.105342857144011,3,10
vg1-10,363,3.0440428571440137,3,11
vg1-11,377,3.1079428571440113,3,12
vg1-12,390,3.1714142857160117,3,13
vg1-13,404,3.03932857143001,3,14
vg1-14,417,3.14474285714401,3,15
vg1-15,431,3.1401142857160096,3,16
vg1-16,444,3.0581000000020104,3,17
vg1-17,457,3.238528571430008,3,18
vg1-0,471,3.2090857142880207,3,19
vg1-1,484,3.0043857142880253,3,20
vg1-2,498,3.078585714288024,3,21
vg1-3,511,3.18921428571602,3,22
vg1-4,525,3.286500000002019,3,23
vg1-5,539,3.212271428574021,3,24
vg1-6,553,3.0866857142880186,3,25
vg1-7,566,3.184500000002021,3,26
vg1-8,580,3.2038142857160197,3,27
vg1-9,593,3.2341714285740175,3,28
vg1-10,606,3.0017000000020215,3,29
vg1-11,620,3.132885714288017,3,30
vg1-12,633,3.9694142857160166,3,31
vg1-13,648,3.871700000002016,3,32
vg1-14,665,3.942742857144017,3,33
vg1-15,681,3.8799142857160165,3,34
vg1-16,697,3.786585714288016,3,35
vg1-17,712,3.816500000002014,3,36
vg1-0,727,3.9716000000040266,3,37
vg1-1,746,3.7921857142900306,3,38
vg1-2,762,3.8417857142880294,3,39
vg1-3,775,3.825214285716024,3,40
vg1-4,791,3.876300000002023,3,41
vg1-5,805,3.8016428571460263,3,42
vg1-6,821,3.9189714285740234,3,43
vg1-7,841,3.762300000002024,3,44
vg1-8,862,3.724014285716021,3,45
vg1-9,879,3.2341714285740175,3,46
vg1-10,892,3.0017000000020215,3,47
vg1-11,906,3.132885714288017,3,48
vg1-12,919,3.9694142857160166,3,49
vg1-13,933,3.871700000002016,3,50
vg1-14,951,3.942742857144017,3,51
vg1-15,967,3.8799142857160165,3,52
vg1-16,983,3.786585714288016,3,53
vg1-17,998,3.816500000002014,3,54
vg1-0,1013,3.9716000000040266,3,55
vg1-1,1032,3.7921857142900306,3,56
vg1-2,1047,3.8417857142880294,3,57
vg1-3,1061,3.825214285716024,3,58
vg1-4,1076,3.876300000002023,3,59
vg1-5,1091,3.8016428571460263,3,60
vg1-6,1107,3.9189714285740234,3,61
vg1-7,1127,3.762300000002024,3,62
vg1-8,1147,3.724014285716021,3,63
vg1-9,1165,3.2341714285740175,3,64
vg1-10,1178,3.0017000000020215,3,65
vg1-11,1191,3.132885714288017,3,66
vg1-12,1205,3.9694142857160166,3,67
vg1-13,1219,3.871700000002016,3,68
vg1-14,1237,3.942742857144017,3,69
vg1-15,1252,3.8799142857160165,3,70
vg1-16,1268,3.786585714288016,3,71
vg1-17,1284,3.816500000002014,3,72
vg1-0,1299,3.9716000000040266,3,73
vg1-1,1318,3.7921857142900306,3,74
vg1-2,1333,3.8417857142880294,3,75
vg1-3,1347,3.825214285716024,3,76
vg1-4,1362,3.876300000002023,3,77
vg1-5,1377,3.8016428571460263,3,78
vg1-6,1393,3.9189714285740234,3,79
vg1-7,1413,3.762300000002024,3,80
vg1-8,1433,3.724014285716021,3,81
vg1-9,1451,3.2341714285740175,3,82
vg1-10,1463,3.0017000000020215,3,83
vg1-11,1477,3.132885714288017,3,84
vg1-12,1491,3.9694142857160166,3,85
vg1-13,1505,3.871700000002016,3,86
vg1-14,1522,3.942742857144017,3,87
vg1-15,1538,3.8799142857160165,3,88
vg1-16,1554,3.786585714288016,3,89
vg1-17,1569,3.816500000002014,3,90
vg1-0,1584,3.9716000000040266,3,91
vg1-1,1603,3.7921857142900306,3,92
vg1-2,1619,3.8417857142880294,3,93
vg1-3,1633,3.825214285716024,3,94
vg1-4,1648,3.876300000002023,3,95
vg1-5,1662,3.8016428571460263,3,96
vg1-6,1679,3.9189714285740234,3,97
vg1-7,1698,3.762300000002024,3,98
vg1-8,1719,3.724014285716021,3,99
vg1-9,1736,3.2341714285740175,3,100
vg1-10,1749,3.0017000000020215,3,101
vg1-11,1763,3.132885714288017,3,102
vg1-12,1776,3.9694142857160166,3,103
vg1-13,1791,3.871700000002016,3,104
vg1-14,1808,3.942742857144017,3,105
vg1-15,1824,3.8799142857160165,3,106
vg1-16,1840,3.786585714288016,3,107
vg1-17,1855,3.816500000002014,3,108
vg1-0,1870,3.9716000000040266,3,109
vg1-1,1889,3.7921857142900306,3,110
vg1-2,1905,3.8417857142880294,3,111
vg1-3,1918,3.825214285716024,3,112
vg1-4,1933,3.876300000002023,3,113
vg1-5,1948,3.8016428571460263,3,114
vg1-6,1964,3.9189714285740234,3,115
vg1-7,1984,3.762300000002024,3,116
vg1-8,2005,3.724014285716021,3,117
vg1-9,2022,3.2341714285740175,3,118
vg1-10,2035,3.0017000000020215,3,119
vg1-11,2049,3.132885714288017,3,120
vg1-12,2062,3.9694142857160166,3,121
vg1-13,2076,3.871700000002016,3,122
vg1-14,2094,3.942742857144017,3,123
vg1-15,2109,3.8799142857160165,3,124
vg1-16,2125,3.786585714288016,3,125
vg1-17,2141,3.816500000002014,3,126
vg1-0,2156,3.9716000000040266,3,127
vg1-1,2175,3.7921857142900306,3,128
vg1-2,2190,3.8417857142880294,3,129
vg1-3,2204,3.825214285716024,3,130
vg1-4,2219,3.876300000002023,3,131
vg1-5,2234,3.8016428571460263,3,132
vg1-6,2250,3.9189714285740234,3,133
vg1-7,2270,3.762300000002024,3,134
vg1-8,2290,3.724014285716021,3,135
vg1-9,2308,3.2341714285740175,3,136
vg1-10,2321,3.0017000000020215,3,137
vg1-11,2334,3.132885714288017,3,138
vg1-12,2348,3.9694142857160166,3,139
vg1-13,2362,3.871700000002016,3,140
vg1-14,2379,3.942742857144017,3,141
vg1-15,2395,3.8799142857160165,3,142
vg1-16,2411,3.786585714288016,3,143
vg1-17,2427,3.816500000002014,3,144
vg1-0,2441,3.9716000000040266,3,145
vg1-1,2461,3.7921857142900306,3,146
vg1-2,2476,3.8417857142880294,3,147
vg1-3,2490,3.825214285716024,3,148
vg1-4,2505,3.876300000002023,3,149
vg1-5,2519,3.8016428571460263,3,150
vg1-6,2536,3.9189714285740234,3,151
vg1-7,2555,3.762300000002024,3,152
vg1-8,2576,3.724014285716021,3,153
vg1-9,2593,3.2341714285740175,3,154
vg1-10,2606,3.0017000000020215,3,155
vg1-11,2620,3.132885714288017,3,156
vg1-12,2633,3.9694142857160166,3,157
vg1-13,2648,3.871700000002016,3,158
vg1-14,2665,3.942742857144017,3,159
vg1-15,2681,3.8799142857160165,3,160
vg1-16,2697,3.786585714288016,3,161
vg1-17,2712,3.816500000002014,3,162
vg1-0,2727,3.9716000000040266,3,163
vg1-1,2746,3.7921857142900306,3,164
vg1-2,2762,3.8417857142880294,3,165
vg1-3,2775,3.825214285716024,3,166
vg1-4,2791,3.876300000002023,3,167
vg1-5,2805,3.8016428571460263,3,168
vg1-6,2821,3.9189714285740234,3,169
vg1-7,2841,3.762300000002024,3,170
vg1-8,2862,3.724014285716021,3,171
vg1-9,2879,3.2341714285740175,3,172
vg1-10,2892,3.0017000000020215,3,173
vg1-11,2906,3.132885714288017,3,174
vg1-12,2919,3.9694142857160166,3,175
vg1-13,2933,3.871700000002016,3,176
vg1-14,2951,3.942742857144017,3,177
vg1-15,2967,3.8799142857160165,3,178
vg1-16,2983,3.786585714288016,3,179
vg1-17,2998,3.816500000002014,3,180
vg1-0,3013,3.9716000000040266,3,181
vg1-1,3032,3.7921857142900306,3,182
vg1-2,3047,3.8417857142880294,3,183
vg1-3,3061,3.825214285716024,3,184
vg1-4,3076,3.876300000002023,3,185
vg1-5,3091,3.8016428571460263,3,186
vg1-6,3107,3.9189714285740234,3,187
vg1-7,3127,3.762300000002024,3,188
vg1-8,3147,3.724014285716021,3,189
vg1-9,3165,3.2341714285740175,3,190
vg1-10,3178,3.0017000000020215,3,191
vg1-11,3191,3.132885714288017,3,192
vg1-12,3205,3.9694142857160166,3,193
vg1-13,3219,3.871700000002016,3,194
vg1-14,3237,3.942742857144017,3,195
vg1-15,3252,3.8799142857160165,3,196
vg1-16,3268,3.786585714288016,3,197
vg1-17,3284,3.816500000002014,3,198
vg1-0,3299,3.9716000000040266,3,199
vg1-1,3318,3.7921857142900306,3,200
vg1-2,3333,3.8417857142880294,3,201
vg1-3,3347,3.825214285716024,3,202
vg1-4,3362,3.876300000002023,3,203
vg1-5,3377,3.8016428571460263,3,204
vg1-6,3393,3.9189714285740234,3,205
vg1-7,3413,3.762300000002024,3,206
vg1-8,3433,3.724014285716021,3,207
vg1-9,3451,3.2341714285740175,3,208
vg1-10,3463,3.0017000000020215,3,209
vg1-11,3477,3.132885714288017,3,210
vg1-12,3491,3.9694142857160166,3,211
vg1-13,3505,3.871700000002016,3,212
vg1-14,3522,3.942742857144017,3,213
vg1-15,3538,3.8799142857160165,3,214
vg1-16,3554,3.786585714288016,3,215
vg1-17,3569,3.816500000002014,3,216
vg1-0,3584,3.9716000000040266,3,217
vg1-1,3603,3.7921857142900306,3,218
vg1-2,3619,3.8417857142880294,3,219
vg1-3,3633,3.825214285716024,3,220
vg1-4,3648,3.876300000002023,3,221
vg1-5,3662,3.8016428571460263,3,222
vg1-6,3679,3.9189714285740234,3,223
vg1-7,3698,3.762300000002024,3,224
vg1-8,3719,3.724014285716021,3,225
vg1-9,3736,3.2341714285740175,3,226
vg1-10,3749,3.0017000000020215,3,227
vg1-11,3763,3.132885714288017,3,228
vg1-12,3776,3.9694142857160166,3,229
vg1-13,3791,3.871700000002016,3,230
vg1-14,3808,3.942742857144017,3,231
vg1-15,3824,3.8799142857160165,3,232
vg1-16,3840,3.786585714288016,3,233
vg1-17,3855,3.816500000002014,3,234
vg1-0,3870,3.9716000000040266,3,235
vg1-1,3889,3.7921857142900306,3,236
vg1-2,3905,3.8417857142880294,3,237
vg1-3,3918,3.825214285716024,3,238
vg1-4,3933,3.876300000002023,3,239
vg1-5,3948,3.8016428571460263,3,240
vg1-6,3964,3.9189714285740234,3,241
vg1-7,3984,3.762300000002024,3,242
vg1-8,4005,3.724014285716021,3,243
vg1-9,4022,3.2341714285740175,3,244
vg1-10,4035,3.0017000000020215,3,245
vg1-11,4049,3.132885714288017,3,246
vg1-12,4062,3.9694142857160166,3,247
vg1-13,4076,3.871700000002016,3,248
vg1-14,4094,3.942742857144017,3,249
vg1-15,4109,3.8799142857160165,3,250
vg1-16,4125,3.786585714288016,3,251
vg1-17,4141,3.816500000002014,3,252
vg1-0,4156,3.9716000000040266,3,253
vg1-1,4175,3.7921857142900306,3,254
vg1-2,4190,3.8417857142880294,3,255
vg1-3,4204,3.825214285716024,3,256
vg1-4,4219,3.876300000002023,3,257
vg1-5,4234,3.8016428571460263,3,258
vg1-6,4250,3.9189714285740234,3,259
vg1-7,4270,3.762300000002024,3,260
vg1-8,4290,3.724014285716021,3,261
vg1-9,4308,3.2341714285740175,3,262
vg1-10,4321,3.0017000000020215,3,263
vg1-11,4334,3.132885714288017,3,264
vg1-12,4348,3.9694142857160166,3,265
vg1-13,4362,3.871700000002016,3,266
vg1-14,4379,3.942742857144017,3,267
vg1-15,4395,3.8799142857160165,3,268
vg1-16,4411,3.786585714288016,3,269
vg1-17,4427,3.816500000002014,3,270
vg1-0,4441,3.9716000000040266,3,271
vg1-1,4461,3.7921857142900306,3,272
vg1-2,4476,3.8417857142880294,3,273
vg1-3,4490,3.825214285716024,3,274
vg1-4,4505,3.876300000002023,3,275
vg1-5,4519,3.8016428571460263,3,276
vg1-6,4536,3.9189714285740234,3,277
vg1-7,4555,3.762300000002024,3,278
vg1-8,4576,3.724014285716021,3,279
vg1-9,4593,3.2341714285740175,3,280
vg1-10,4606,3.0017000000020215,3,281
vg1-11,4620,3.132885714288017,3,282
vg1-12,4633,3.9694142857160166,3,283
vg1-13,4648,3.871700000002016,3,284
vg1-14,4665,3.942742857144017,3,285
vg1-15,4681,3.8799142857160165,3,286
vg1-16,4697,3.786585714288016,3,287
vg1-17,4712,3.816500000002014,3,288
vg1-0,4727,3.9716000000040266,3,289
vg1-1,4746,3.7921857142900306,3,290
vg1-2,4762,3.8417857142880294,3,291
vg1-3,4775,3.825214285716024,3,292
vg1-4,4791,3.876300000002023,3,293
vg1-5,4805,3.8016428571460263,3,294
vg1-6,4821,3.9189714285740234,3,295
vg1-7,4841,3.762300000002024,3,296
vg1-8,4862,3.724014285716021,3,297
vg1-9,4879,3.2341714285740175,3,298
vg1-10,4892,3.0017000000020215,3,299
vg1-11,4906,3.132885714288017,3,300
vg1-12,4919,3.9694142857160166,3,301
vg1-13,4933,3.871700000002016,3,302
vg1-14,4951,3.942742857144017,3,303
vg1-15,4967,3.8799142857160165,3,304
vg1-16,4983,3.786585714288016,3,305
vg1-17,4998,3.816500000002014,3,306
vg1-0,5013,3.9716000000040266,3,307
vg1-1,5032,3.7921857142900306,3,308
vg1-2,5047,3.8417857142880294,3,309
vg1-3,5061,3.825214285716024,3,310
vg1-4,5076,3.876300000002023,3,311
vg1-5,5091,3.8016428571460263,3,312
vg1-6,5107,3.9189714285740234,3,313
vg1-7,5127,3.762300000002024,3,314
vg1-8,5147,3.724014285716021,3,315
vg1-9,5165,3.2341714285740175,3,316
vg1-10,5178,3.0017000000020215,3,317
vg1-11,5191,3.132885714288017,3,318
vg1-12,5205,3.9694142857160166,3,319
vg1-13,5219,3.871700000002016,3,320
vg1-14,5237,3.942742857144017,3,321
vg1-15,5252,3.8799142857160165,3,322
vg1-16,5268,3.786585714288016,3,323
vg1-17,5284,3.816500000002014,3,324
vg1-0,5299,3.9716000000040266,3,325
vg1-1,5318,3.7921857142900306,3,326
vg1-2,5333,3.8417857142880294,3,327
vg1-3,5347,3.825214285716024,3,328
vg1-4,5362,3.876300000002023,3,329
vg1-5,5377,3.8016428571460263,3,330
vg1-6,5393,3.9189714285740234,3,331
vg1-7,5413,3.762300000002024,3,332
vg1-8,5433,3.724014285716021,3,333
vg1-9,5451,3.2341714285740175,3,334
vg1-10,5463,3.0017000000020215,3,335
vg1-11,5477,3.132885714288017,3,336
vg1-12,5491,3.9694142857160166,3,337
vg1-13,5505,3.871700000002016,3,338
vg1-14,5522,3.942742857144017,3,339
vg1-15,5538,3.8799142857160165,3,340
vg1-16,5554,3.786585714288016,3,341
vg1-17,5569,3.816500000002014,3,342
vg1-0,5584,3.9716000000040266,3,343
vg1-1,5603,3.7921857142900306,3,344
vg1-2,5619,3.8417857142880294,3,345
vg1-3,5633,3.825214285716024,3,346
vg1-4,5648,3.876300000002023,3,347
vg1-5,5662,3.8016428571460263,3,348
vg1-6,5679,3.9189714285740234,3,349
vg1-7,5698,3.762300000002024,3,350
vg1-8,5719,3.724014285716021,3,351
vg1-9,5736,3.2341714285740175,3,352
vg1-10,5749,3.0017000000020215,3,353
vg1-11,5763,3.132885714288017,3,354
vg1-12,5776,3.9694142857160166,3,355
vg1-13,5791,3.871700000002016,3,356
vg1-14,5808,3.942742857144017,3,357
vg1-15,5824,3.8799142857160165,3,358
vg1-16,5840,3.786585714288016,3,359
vg1-17,5855,3.816500000002014,3,360
vg1-0,5870,3.9716000000040266,3,361
vg1-1,5889,3.7921857142900306,3,362
vg1-2,5905,3.8417857142880294,3,363
vg1-3,5918,3.825214285716024,3,364
vg1-4,5933,3.876300000002023,3,365
vg1-5,5948,3.8016428571460263,3,366
vg1-6,5964,3.9189714285740234,3,367
vg1-7,5984,3.762300000002024,3,368
vg1-8,6005,3.724014285716021,3,369
vg1-9,6022,3.2341714285740175,3,370
vg1-10,6035,3.0017000000020215,3,371
vg1-11,6049,3.132885714288017,3,372
vg1-12,6062,3.9694142857160166,3,373
vg1-13,6076,3.871700000002016,3,374
vg1-14,6094,3.942742857144017,3,375
vg1-15,6109,3.8799142857160165,3,376
vg1-16,6125,3.786585714288016,3,377
vg1-17,6141,3.816500000002014,3,378
vg1-0,6156,3.9716000000040266,3,379
vg1-1,6175,3.7921857142900306,3,380
vg1-2,6190,3.8417857142880294,3,381
vg1-3,6204,3.825214285716024,3,382
vg1-4,6219,3.876300000002023,3,383
vg1-5,6234,3.8016428571460263,3,384
vg1-6,6250,3.9189714285740234,3,385
vg1-7,6270,3.762300000002024,3,386
vg1-8,6290,3.724014285716021,3,387
vg1-9,6308,3.2341714285740175,3,388
vg1-10,6321,3.0017000000020215,3,389
vg1-11,6334,3.132885714288017,3,390
vg1-12,6348,3.9694142857160166,3,391
vg1-13,6362,3.871700000002016,3,392
vg1-14,6379,3.942742857144017,3,393
vg1-15,6395,3.8799142857160165,3,394
vg1-16,6411,3.786585714288016,3,395
vg1-17,6427,3.816500000002014,3,396
vg1-0,6441,3.9716000000040266,3,397
vg1-1,6461,3.7921857142900306,3,398
vg1-2,6476,3.8417857142880294,3,399
vg1-3,6490,3.825214285716024,3,400
vg1-4,6505,3.876300000002023,3,401
vg1-5,6519,3.8016428571460263,3,402
vg1-6,6536,3.9189714285740234,3,403
vg1-7,6555,3.762300000002024,3,404
vg1-8,6576,3.724014285716021,3,405
vg1-9,6593,3.2341714285740175,3,406
vg1-10,6606,3.0017000000020215,3,407
vg1-11,6620,3.132885714288017,3,408
vg1-12,6633,3.9694142857160166,3,409
vg1-13,6648,3.871700000002016,3,410
vg1-14,6665,3.942742857144017,3,411
vg1-15,6681,3.8799142857160165,3,412
vg1-16,6697,3.786585714288016,3,413
vg1-17,6712,3.816500000002014,3,414
vg1-0,6727,3.9716000000040266,3,415
vg1-1,6746,3.7921857142900306,3,416
vg1-2,6762,3.8417857142880294,3,417
vg1-3,6775,3.825214285716024,3,418
vg1-4,6791,3.876300000002023,3,419
vg1-5,6805,3.8016428571460263,3,420
vg1-6,6821,3.9189714285740234,3,421
vg1-7,6841,3.762300000002024,3,422
vg1-8,6862,3.724014285716021,3,423
vg1-9,6879,3.2341714285740175,3,424
vg1-10,6892,3.0017000000020215,3,425
vg1-11,6906,3.132885714288017,3,426
vg1-12,6919,3.9694142857160166,3,427
vg1-13,6933,3.871700000002016,3,428
vg1-14,6951,3.942742857144017,3,429
vg1-15,6967,3.8799142857160165,3,430
vg1-16,6983,3.786585714288016,3,431
vg1-17,6998,3.816500000002014,3,432
vg1-0,7013,3.9716000000040266,3,433
vg1-1,7032,3.7921857142900306,3,434
vg1-2,7047,3.8417857142880294,3,435
vg1-3,7061,3.825214285716024,3,436
vg1-4,7076,3.876300000002023,3,437
vg1-5,7091,3.8016428571460263,3,438
vg1-6,7107,3.9189714285740234,3,439
vg1-7,7127,3.762300000002024,3,440
vg1-8,7147,3.724014285716021,3,441
vg1-9,7165,3.2341714285740175,3,442
vg1-10,7178,3.0017000000020215,3,443
vg1-11,7191,3.132885714288017,3,444
vg1-12,7205,3.9694142857160166,3,445
vg1-13,7219,3.871700000002016,3,446
vg1-14,7237,3.942742857144017,3,447
vg1-15,7252,3.8799142857160165,3,448
vg1-16,7268,3.786585714288016,3,449
vg1-17,7284,3.816500000002014,3,450
vg1-0,7299,3.9716000000040266,3,451
vg1-1,7318,3.7921857142900306,3,452
vg1-2,7333,3.8417857142880294,3,453
vg1-3,7347,3.825214285716024,3,454
vg1-4,7362,3.876300000002023,3,455
vg1-5,7377,3.8016428571460263,3,456
vg1-6,7393,3.9189714285740234,3,457
vg1-7,7413,3.762300000002024,3,458
vg1-8,7433,3.724014285716021,3,459
vg1-9,7451,3.2341714285740175,3,460
vg1-10,7463,3.0017000000020215,3,461
vg1-11,7477,3.132885714288017,3,462
vg1-12,7491,3.9694142857160166,3,463
vg1-13,7505,3.871700000002016,3,464
vg1-14,7522,3.942742857144017,3,465
vg1-15,7538,3.8799142857160165,3,466
vg1-16,7554,3.786585714288016,3,467
vg1-17,7569,3.816500000002014,3,468
vg1-0,7584,3.9716000000040266,3,469
vg1-1,7603,3.7921857142900306,3,470
vg1-2,7619,3.8417857142880294,3,471
vg1-3,7633,3.825214285716024,3,472
vg1-4,7648,3.876300000002023,3,473
vg1-5,7662,3.8016428571460263,3,474
vg1-6,7679,3.9189714285740234,3,475
vg1-7,7698,3.762300000002024,3,476
vg1-8,7719,3.724014285716021,3,477
vg1-9,7736,3.2341714285740175,3,478
vg1-10,7749,3.0017000000020215,3,479
vg1-11,7763,3.132885714288017,3,480
vg1-12,7776,3.9694142857160166,3,481
vg1-13,7791,3.871700000002016,3,482
vg1-14,7808,3.942742857144017,3,483
vg1-15,7824,3.8799142857160165,3,484
vg1-16,7840,3.786585714288016,3,485
vg1-17,7855,3.816500000002014,3,486
vg1-0,7870,3.9716000000040266,3,487
vg1-1,7889,3.7921857142900306,3,488
vg1-2,7905,3.8417857142880294,3,489
vg1-3,7918,3.825214285716024,3,490
vg1-4,7933,3.876300000002023,3,491
vg1-5,7948,3.8016428571460263,3,492
vg1-6,7964,3.9189714285740234,3,493
vg1-7,7984,3.762300000002024,3,494
vg1-8,8005,3.724014285716021,3,495
vg1-9,8022,3.2341714285740175,3,496
vg1-10,8035,3.0017000000020215,3,497
vg1-11,8049,3.132885714288017,3,498
vg1-12,8062,3.9694142857160166,3,499
vg1-13,8076,3.871700000002016,3,500
vg1-14,8094,3.942742857144017,3,501
vg1-15,8109,3.8799142857160165,3,502
vg1-16,8125,3.786585714288016,3,503
vg1-17,8141,3.816500000002014,3,504
vg1-0,8156,3.9716000000040266,3,505
vg1-1,8175,3.7921857142900306,3,506
vg1-2,8190,3.8417857142880294,3,507
vg1-3,8204,3.825214285716024,3,508
vg1-4,8219,3.876300000002023,3,509
vg1-5,8234,3.8016428571460263,3,510
vg1-6,8250,3.9189714285740234,3,511
vg1-7,8270,3.762300000002024,3,512
vg1-8,8290,3.724014285716021,3,513
vg1-9,8308,3.2341714285740175,3,514
vg1-10,8321,3.0017000000020215,3,515
vg1-11,8334,3.132885714288017,3,516
vg1-12,8348,3.9694142857160166,3,517
vg1-13,8362,3.871700000002016,3,518
vg1-14,8379,3.942742857144017,3,519
vg1-15,8395,3.8799142857160165,3,520
vg1-16,8411,3.786585714288016,3,521
vg1-17,8427,3.816500000002014,3,522
vg1-0,8441,3.9716000000040266,3,523
vg1-1,8461,3.7921857142900306,3,524
vg1-2,8476,3.8417857142880294,3,525
vg1-3,8490,3.825214285716024,3,526
vg1-4,8505,3.876300000002023,3,527
vg1-5,8519,3.8016428571460263,3,528
vg1-6,8536,3.9189714285740234,3,529
vg1-7,8555,3.762300000002024,3,530
vg1-8,8576,3.724014285716021,3,531
vg1-9,8593,3.2341714285740175,3,532
vg1-10,8606,3.0017000000020215,3,533
vg1-11,8620,3.132885714288017,3,534
vg1-12,8633,3.9694142857160166,3,535
vg1-13,8648,3.871700000002016,3,536
vg1-14,8665,3.942742857144017,3,537
vg1-15,8681,3.8799142857160165,3,538
vg1-16,8697,3.786585714288016,3,539
vg1-17,8712,3.816500000002014,3,540
vg1-0,8727,3.9716000000040266,3,541
vg1-1,8746,3.7921857142900306,3,542
vg1-2,8762,3.8417857142880294,3,543
vg1-3,8775,3.825214285716024,3,544
vg1-4,8791,3.876300000002023,3,545
vg1-5,8805,3.8016428571460263,3,546
vg1-6,8821,3.9189714285740234,3,547
vg1-7,8841,3.762300000002024,3,548
vg1-8,8862,3.724014285716021,3,549
vg1-9,8879,3.2341714285740175,3,550
vg1-10,8892,3.0017000000020215,3,551
vg1-11,8906,3.132885714288017,3,552
vg1-12,8919,3.9694142857160166,3,553
vg1-13,8933,3.871700000002016,3,554
vg1-14,8951,3.942742857144017,3,555
vg1-15,8967,3.8799142857160165,3,556
vg1-16,8983,3.786585714288016,3,557
vg1-17,8998,3.816500000002014,3,558
vg1-0,9013,3.9716000000040266,3,559
vg1-1,9032,3.7921857142900306,3,560
vg1-2,9047,3.8417857142880294,3,561
vg1-3,9061,3.825214285716024,3,562
vg1-4,9076,3.876300000002023,3,563
vg1-5,9091,3.8016428571460263,3,564
vg1-6,9107,3.9189714285740234,3,565
vg1-7,9127,3.762300000002024,3,566
vg1-8,9147,3.724014285716021,3,567
vg1-9,9165,3.2341714285740175,3,568
vg1-10,9178,3.0017000000020215,3,569
vg1-11,9191,3.132885714288017,3,570
vg1-12,9205,3.9694142857160166,3,571
vg1-13,9219,3.871700000002016,3,572
vg1-14,9237,3.942742857144017,3,573
vg1-15,9252,3.8799142857160165,3,574
vg1-16,9268,3.786585714288016,3,575
vg1-17,9284,3.816500000002014,3,576
vg1-0,9299,3.9716000000040266,3,577
vg1-1,9318,3.7921857142900306,3,578
vg1-2,9333,3.8417857142880294,3,579
vg1-3,9347,3.825214285716024,3,580
vg1-4,9362,3.876300000002023,3,581
vg1-5,9377,3.8016428571460263,3,582
vg1-6,9393,3.9189714285740234,3,583
vg1-7,9413,3.762300000002024,3,584
vg1-8,9433,3.724014285716021,3,585
vg1-9,9451,3.2341714285740175,3,586
vg1-10,9463,3.0017000000020215,3,587
vg1-11,9477,3.132885714288017,3,588
vg1-12,9491,3.9694142857160166,3,589
vg1-13,9505,3.871700000002016,3,590
vg1-14,9522,3.942742857144017,3,591
vg1-15,9538,3.8799142857160165,3,592
vg1-16,9554,3.786585714288016,3,593
vg1-17,9569,3.816500000002014,3,594
vg1-0,9584,3.9716000000040266,3,595
vg1-1,9603,3.7921857142900306,3,596
vg1-2,9619,3.8417857142880294,3,597
vg1-3,9633,3.825214285716024,3,598
vg1-4,9648,3.876300000002023,3,599
vg1-5,9662,3.8016428571460263,3,600
vg1-6,9679,3.9189714285740234,3,601
vg1-7,9698,3.762300000002024,3,602
vg1-8,9719,3.724014285716021,3,603
vg1-9,9736,3.2341714285740175,3,604
vg1-10,9749,3.0017000000020215,3,605
vg1-11,9763,3.132885714288017,3,606
vg1-12,9776,3.9694142857160166,3,607
vg1-13,9791,3.871700000002016,3,608
vg1-14,9808,3.942742857144017,3,609
vg1-15,9824,3.8799142857160165,3,610
vg1-16,9840,3.786585714288016,3,611
vg1-17,9855,3.816500000002014,3,612
vg1-0,9870,3.9716000000040266,3,613
vg1-1,9889,3.7921857142900306,3,614
vg1-2,9905,3.8417857142880294,3,615
vg1-3,9918,3.825214285716024,3,616
vg1-4,9933,3.876300000002023,3,617
vg1-5,9948,3.8016428571460263,3,618
vg1-6,9964,3.9189714285740234,3,619
vg1-7,9984,3.762300000002024,3,620
vg1-8,10005,3.724014285716021,3,621
vg1-9,10022,3.2341714285740175,3,622
vg1-10,10035,3.0017000000020215,3,623
vg1-11,10049,3.132885714288017,3,624
vg1-12,10062,3.9694142857160166,3,625
vg1-13,10076,3.871700000002016,3,626
vg1-14,10094,3.942742857144017,3,627
vg1-15,10109,3.8799142857160165,3,628
vg1-16,10125,3.786585714288016,3,629
vg1-17,10141,3.816500000002014,3,630
vg1-0,10156,3.9716000000040266,3,631
vg1-1,10175,3.7921857142900306,3,632
vg1-2,10190,3.8417857142880294,3,633
vg1-3,10204,3.825214285716024,3,634
vg1-4,10219,3.876300000002023,3,635
vg1-5,10234,3.8016428571460263,3,636
vg1-6,10250,3.9189714285740234,3,637
vg1-7,10270,3.762300000002024,3,638
vg1-8,10290,3.724014285716021,3,639
vg1-9,10308,3.2341714285740175,3,640
vg1-10,10321,3.0017000000020215,3,641
vg1-11,10334,3.132885714288017,3,642
vg1-12,10348,3.9694142857160166,3,643
vg1-13,10362,3.871700000002016,3,644
vg1-14,10379,3.942742857144017,3,645
vg1-15,10395,3.8799142857160165,3,646
vg1-16,10411,3.786585714288016,3,647
vg1-17,10427,3.816500000002014,3,648
vg1-0,10441,3.9716000000040266,3,649
vg1-1,10461,3.7921857142900306,3,650
vg1-2,10476,3.8417857142880294,3,651
vg1-3,10490,3.825214285716024,3,652
vg1-4,10505,3.876300000002023,3,653
vg1-5,10519,3.8016428571460263,3,654
vg1-6,10536,3.9189714285740234,3,655
vg1-7,10555,3.762300000002024,3,656
vg1-8,10576,3.724014285716021,3,657
vg1-9,10593,3.2341714285740175,3,658
vg1-10,10606,3.0017000000020215,3,659
vg1-11,10620,3.132885714288017,3,660
vg1-12,10633,3.9694142857160166,3,661
vg1-13,10648,3.871700000002016,3,662
vg1-14,10665,3.942742857144017,3,663
vg1-15,10681,3.8799142857160165,3,664
vg1-16,10697,3.786585714288016,3,665
vg1-17,10712,3.816500000002014,3,666
vg1-0,10727,3.9716000000040266,3,667
vg1-1,10746,3.7921857142900306,3,668
vg1-2,10762,3.8417857142880294,3,669
vg1-3,10775,3.825214285716024,3,670
vg1-4,10791,3.876300000002023,3,671
vg1-5,10805,3.8016428571460263,3,672
vg1-6,10821,3.9189714285740234,3,673
vg1-7,10841,3.762300000002024,3,674
vg1-8,10862,3.724014285716021,3,675
vg1-9,10879,3.2341714285740175,3,676
vg1-10,10892,3.0017000000020215,3,677
vg1-11,10906,3.132885714288017,3,678
vg1-12,10919,3.9694142857160166,3,679
vg1-13,10933,3.871700000002016,3,680
vg1-14,10951,3.942742857144017,3,681
vg1-15,10967,3.8799142857160165,3,682
vg1-16,10983,3.786585714288016,3,683
vg1-17,10998,3.816500000002014,3,684
vg1-0,11013,3.9716000000040266,3,685
vg1-1,11032,3.7921857142900306,3,686
vg1-2,11047,3.8417857142880294,3,687
vg1-3,11061,3.825214285716024,3,688
vg1-4,11076,3.876300000002023,3,689
vg1-5,11091,3.8016428571460263,3,690
vg1-6,11107,3.9189714285740234,3,691
vg1-7,11127,3.762300000002024,3,692
vg1-8,11147,3.724014285716021,3,693
vg1-9,11165,3.2341714285740175,3,694
vg1-10,11178,3.0017000000020215,3,695
vg1-11,11191,3.132885714288017,3,696
vg1-12,11205,3.9694142857160166,3,697
vg1-13,11219,3.871700000002016,3,698
vg1-14,11237,3.942742857144017,3,699
vg1-15,11252,3.8799142857160165,3,700
vg1-16,11268,3.786585714288016,3,701
vg1-17,11284,3.816500000002014,3,702
vg1-0,11299,3.9716000000040266,3,703
vg1-1,11318,3.7921857142900306,3,704
vg1-2,11333,3.8417857142880294,3,705
vg1-3,11347,3.825214285716024,3,706
vg1-4,11362,3.876300000002023,3,707
vg1-5,11377,3.8016428571460263,3,708
vg1-6,11393,3.9189714285740234,3,709
vg1-7,11413,3.762300000002024,3,710
vg1-8,11433,3.724014285716021,3,711
vg1-9,11451,3.2341714285740175,3,712
vg1-10,11463,3.0017000000020215,3,713
vg1-11,11477,3.132885714288017,3,714
vg1-12,11491,3.9694142857160166,3,715
vg1-13,11505,3.871700000002016,3,716
vg1-14,11522,3.942742857144017,3,717
vg1-15,11538,3.8799142857160165,3,718
vg1-16,11554,3.786585714288016,3,719
vg1-17,11569,3.816500000002014,3,720
vg1-0,11584,3.9716000000040266,3,721
vg1-1,11603,3.7921857142900306,3,722
vg1-2,11619,3.8417857142880294,3,723
vg1-3,11633,3.825214285716024,3,724
vg1-4,11648,3.876300000002023,3,725
vg1-5,11662,3.8016428571460263,3,726
vg1-6,11679,3.9189714285740234,3,727
vg1-7,11698,3.762300000002024,3,728
vg1-8,11719,3.724014285716021,3,729
vg1-9,11736,3.2341714285740175,3,730
vg1-10,11749,3.0017000000020215,3,731
vg1-11,11763,3.132885714288017,3,732
vg1-12,11776,3.9694142857160166,3,733
vg1-13,11791,3.871700000002016,3,734
vg1-14,11808,3.942742857144017,3,735
vg1-15,11824,3.8799142857160165,3,736
vg1-16,11840,3.786585714288016,3,737
vg1-17,11855,3.816500000002014,3,738
vg1-0,11870,3.9716000000040266,3,739
vg1-1,11889,3.7921857142900306,3,740
vg1-2,11905,3.8417857142880294,3,741
vg1-3,11918,3.825214285716024,3,742
vg1-4,11933,3.876300000002023,3,743
vg1-5,11948,3.8016428571460263,3,744
vg1-6,11964,3.9189714285740234,3,745
vg1-7,11984,3.762300000002024,3,746
vg1-8,12005,3.724014285716021,3,747
vg1-9,12022,3.2341714285740175,3,748
vg1-10,12035,3.0017000000020215,3,749
vg1-11,12049,3.132885714288017,3,750
vg1-12,12062,3.9694142857160166,3,751
vg1-13,12076,3.871700000002016,3,752
vg1-14,12094,3.942742857144017,3,753
vg1-15,12109,3.8799142857160165,3,754
vg1-16,12125,3.786585714288016,3,755
vg1-17,12141,3.816500000002014,3,756
vg1-0,12156,3.9716000000040266,3,757
vg1-1,12175,3.7921857142900306,3,758
vg1-2,12190,3.8417857142880294,3,759
vg1-3,12204,3.825214285716024,3,760
vg1-4,12219,3.876300000002023,3,761
vg1-5,12234,3.8016428571460263,3,762
vg1-6,12250,3.9189714285740234,3,763
vg1-7,12270,3.762300000002024,3,764
vg1-8,12290,3.724014285716021,3,765
vg1-9,12308,3.2341714285740175,3,766
vg1-10,12321,3.0017000000020215,3,767
vg1-11,12334,3.132885714288017,3,768
vg1-12,12348,3.9694142857160166,3,769
vg1-13,12362,3.871700000002016,3,770
vg1-14,12379,3.942742857144017,3,771
vg1-15,12395,3.8799142857160165,3,772
vg1-16,12411,3.786585714288016,3,773
vg1-17,12427,3.816500000002014,3,774
vg1-0,12441,3.9716000000040266,3,775
vg1-1,12461,3.7921857142900306,3,776
vg1-2,12476,3.8417857142880294,3,777
vg1-3,12490,3.825214285716024,3,778
vg1-4,12505,3.876300000002023,3,779
vg1-5,12519,3.8016428571460263,3,780
vg1-6,12536,3.9189714285740234,3,781
vg1-7,12555,3.762300000002024,3,782
vg1-8,12576,3.724014285716021,3,783
vg1-9,12593,3.2341714285740175,3,784
vg1-10,12606,3.0017000000020215,3,785
vg1-11,12620,3.132885714288017,3,786
vg1-12,12633,3.9694142857160166,3,787
vg1-13,12648,3.871700000002016,3,788
vg1-14,12665,3.942742857144017,3,789
vg1-15,12681,3.8799142857160165,3,790
vg1-16,12697,3.786585714288016,3,791
vg1-17,12712,3.816500000002014,3,792
vg1-0,12727,3.9716000000040266,3,793
vg1-1,12746,3.7921857142900306,3,794
vg1-2,12762,3.8417857142880294,3,795
vg1-3,12775,3.825214285716024,3,796
vg1-4,12791,3.876300000002023,3,797
vg1-5,12805,3.8016428571460263,3,798
vg1-6,12821,3.9189714285740234,3,799
vg1-7,12841,3.762300000002024,3,800
vg1-8,12862,3.724014285716021,3,801
vg1-9,12879,3.2341714285740175,3,802
vg1-10,12892,3.0017000000020215,3,803
vg1-11,12906,3.132885714288017,3,804
vg1-12,12919,3.9694142857160166,3,805
vg1-13,12933,3.871700000002016,3,806
vg1-14,12951,3.942742857144017,3,807
vg1-15,12967,3.8799142857160165,3,808
vg1-16,12983,3.786585714288016,3,809
vg1-17,12998,3.816500000002014,3,810
vg1-0,13013,3.9716000000040266,3,811
vg1-1,13032,3.7921857142900306,3,812
vg1-2,13047,3.8417857142880294,3,813
vg1-3,13061,3.825214285716024,3,814
vg1-4,13076,3.876300000002023,3,815
vg1-5,13091,3.8016428571460263,3,816
vg1-6,13107,3.9189714285740234,3,817
vg1-7,13127,3.762300000002024,3,818
vg1-8,13147,3.724014285716021,3,819
vg1-9,13165,3.2341714285740175,3,820
vg1-10,13178,3.0017000000020215,3,821
vg1-11,13191,3.132885714288017,3,822
vg1-12,13205,3.9694142857160166,3,823
vg1-13,13219,3.871700000002016,3,824
vg1-14,13237,3.942742857144017,3,825
vg1-15,13252,3.8799142857160165,3,826
vg1-16,13268,3.786585714288016,3,827
vg1-17,13284,3.816500000002014,3,828
vg1-0,13299,3.9716000000040266,3,829
vg1-1,13318,3.7921857142900306,3,830
vg1-2,13333,3.8417857142880294,3,831
