id,tick,speed(float),speed(discrete),Tot v
vehG-0,199,4.838000000000001,4,1
vehG-1,213,4.676,4,2
vehG-2,235,5.0,5,3
vehG-3,267,5.0,5,4
vehG-0,328,5.0,5,5
vehG-1,349,4.595000000000001,4,6
vehG-2,373,3.773171428572001,3,7
vehG-3,437,5.0,5,8
vehG-0,462,3.6344857142860008,3,9
vehG-1,478,4.085600000000002,4,10
vehG-2,516,4.433000000000002,4,11
vehG-3,580,4.838000000000001,4,12
vehG-0,627,5.0,5,13
vehG-1,640,4.363400000000001,4,14
vehG-2,656,4.837571428572002,4,15
vehG-3,708,4.676,4,16
vehG-0,754,5.0,5,17
vehG-1,769,4.676,4,18
vehG-2,785,4.7570000000000014,4,19
vehG-3,858,5.0,5,20
vehG-0,886,4.271000000000001,4,21
vehG-1,1015,4.514000000000001,4,22
vehG-2,1089,5.0,5,23
vehG-3,1113,4.352,4,24
vehG-0,1133,5.0,5,25
vehG-1,1213,4.9190000000000005,4,26
vehG-2,1225,5.0,5,27
vehG-3,1240,5.0,5,28
vehG-0,1265,4.190000000000001,4,29
vehG-1,1341,4.595000000000001,4,30
vehG-2,1374,5.0,5,31
vehG-3,1452,4.514000000000001,4,32
vehG-0,1465,4.676,4,33
vehG-1,1482,5.0,5,34
vehG-2,1585,4.398200000000001,4,35
vehG-3,1607,4.352,4,36
vehG-0,1679,4.560200000000002,4,37
vehG-1,1696,5.0,5,38
vehG-2,1716,5.0,5,39
vehG-3,1742,5.0,5,40
vehG-0,1811,4.676,4,41
vehG-1,1828,5.0,5,42
vehG-2,1854,4.676,4,43
vehG-3,1878,5.0,5,44
vehG-0,1943,4.9190000000000005,4,45
vehG-1,1971,5.0,5,46
vehG-2,1994,4.571685714286003,4,47
vehG-3,2010,4.9190000000000005,4,48
vehG-0,2069,5.0,5,49
vehG-1,2102,5.0,5,50
vehG-2,2126,4.9190000000000005,4,51
vehG-3,2146,5.0,5,52
vehG-0,2248,5.0,5,53
vehG-1,2268,4.838000000000001,4,54
vehG-2,2298,5.0,5,55
vehG-3,2313,4.190000000000003,4,56
vehG-0,2376,5.0,5,57
vehG-1,2430,4.838000000000001,4,58
vehG-2,2444,4.352,4,59
vehG-3,2496,4.514000000000001,4,60
vehG-0,2511,4.514000000000001,4,61
vehG-1,2648,4.7570000000000014,4,62
vehG-2,2666,5.0,5,63
vehG-3,2677,5.0,5,64
vehG-0,2735,4.162914285718003,4,65
vehG-1,2787,4.676,4,66
vehG-2,2865,4.9190000000000005,4,67
vehG-3,2878,4.595000000000002,4,68
vehG-0,2902,5.0,5,69
vehG-1,2918,4.676,4,70
vehG-2,3004,4.757000000000007,4,71
vehG-3,3034,5.0,5,72
vehG-0,3121,5.0,5,73
vehG-1,3137,5.0,5,74
vehG-2,3152,4.838000000000001,4,75
vehG-3,3228,4.9190000000000005,4,76
vehG-0,3285,5.0,5,77
vehG-1,3352,4.352,4,78
vehG-2,3370,4.769942857144004,4,79
vehG-3,3384,5.0,5,80
vehG-0,3417,5.0,5,81
vehG-1,3484,4.3172000000000015,4,82
vehG-2,3501,5.0,5,83
vehG-3,3524,5.0,5,84
vehG-0,3549,5.0,5,85
vehG-1,3612,5.0,5,86
vehG-2,3637,3.680257142858003,3,87
vehG-3,3700,4.417228571432006,4,88
vehG-0,3712,4.046942857144011,4,89
vehG-1,3744,4.676,4,90
vehG-2,3785,5.0,5,91
vehG-3,3850,4.190000000000001,4,92
vehG-0,3863,5.0,5,93
vehG-1,3878,4.039400000000001,4,94
vehG-2,3915,5.0,5,95
vehG-3,3986,4.676,4,96
vehG-0,4118,5.0,5,97
vehG-1,4157,5.0,5,98
vehG-2,4169,4.9190000000000005,4,99
vehG-3,4202,5.0,5,100
vehG-0,4344,4.676,4,101
vehG-1,4365,5.0,5,102
vehG-2,4377,4.271000000000001,4,103
vehG-3,4406,3.4226000000120105,3,104
vehG-0,4492,5.0,5,105
vehG-1,4625,5.0,5,106
vehG-2,4642,4.676,4,107
vehG-3,4678,5.0,5,108
vehG-0,4724,5.0,5,109
vehG-1,4763,5.0,5,110
vehG-2,4778,4.0280000000000005,4,111
vehG-3,4850,4.838000000000001,4,112
vehG-0,4863,4.676,4,113
vehG-1,4890,5.0,5,114
vehG-2,5024,4.838000000000001,4,115
vehG-3,5051,4.864242857146009,4,116
vehG-0,5064,3.7543714285740073,3,117
vehG-1,5075,4.083628571432009,4,118
vehG-2,5229,5.0,5,119
vehG-3,5241,4.595000000000001,4,120
vehG-0,5264,5.0,5,121
vehG-1,5281,4.352000000000002,4,122
vehG-2,5361,4.676,4,123
vehG-3,5382,4.5250571428580075,4,124
vehG-0,5394,5.0,5,125
vehG-1,5413,5.0,5,126
