id,tick,speed(float),speed(discrete),Tot v
vehG-0,35,5.095742857144003,5,1
vehG-0,89,5.173571428574007,5,2
vehG-0,112,5.01157142857401,5,3
vehG-0,136,5.092571428574013,5,4
vehG-0,161,4.930571428574018,4,5
vehG-0,186,5.1735714285740215,5,6
vehG-0,211,5.011571428574026,5,7
vehG-0,238,5.219771428574031,5,8
vehG-0,261,5.138771428574033,5,9
vehG-0,285,4.733771428574036,4,10
vehG-0,309,5.057771428574039,5,11
vehG-0,334,5.2197714285740435,5,12
vehG-0,357,5.138771428574046,5,13
vehG-0,381,5.219771428574049,5,14
vehG-0,408,4.698971428574053,4,15
vehG-0,432,5.022971428574056,5,16
vehG-0,458,4.779971428574061,4,17
vehG-0,481,5.184971428574064,5,18
vehG-0,507,5.022971428574069,5,19
vehG-0,530,5.0229714285740705,5,20
vehG-0,553,5.103971428574072,5,21
vehG-0,577,5.184971428574075,5,22
vehG-0,600,5.022971428574076,5,23
vehG-0,649,5.07080000000408,5,24
