id,tick,speed(float),speed(discrete),Tot v
vehG-0,135,4.595000000000001,4,1
vehG-1,154,5.0,5,2
vehG-2,167,4.838000000000001,4,3
vehG-3,178,4.676,4,4
vehG-0,260,5.0,5,5
vehG-1,280,5.0,5,6
vehG-2,293,4.7570000000000014,4,7
vehG-3,309,5.0,5,8
vehG-0,383,5.0,5,9
vehG-1,407,4.9190000000000005,4,10
vehG-2,419,5.0,5,11
vehG-3,490,4.676,4,12
vehG-0,507,3.9584000000000015,3,13
vehG-1,533,5.0,5,14
vehG-2,617,5.0,5,15
vehG-3,631,4.676000000000002,4,16
vehG-0,645,5.0,5,17
vehG-1,719,4.595000000000001,4,18
vehG-2,739,5.0,5,19
vehG-3,759,5.0,5,20
vehG-0,794,4.9190000000000005,4,21
vehG-1,864,5.0,5,22
vehG-2,878,5.0,5,23
vehG-3,898,4.676,4,24
vehG-0,919,5.0,5,25
vehG-1,992,5.0,5,26
vehG-2,1022,5.0,5,27
vehG-3,1041,5.0,5,28
vehG-0,1060,4.7570000000000014,4,29
vehG-1,1135,4.9190000000000005,4,30
vehG-2,1156,4.9190000000000005,4,31
vehG-3,1168,4.676,4,32
vehG-0,1260,5.0,5,33
vehG-1,1280,4.444057142858003,4,34
vehG-2,1296,4.189571428572001,4,35
vehG-3,1370,5.0,5,36
vehG-0,1388,4.919000000000002,4,37
vehG-1,1414,5.0,5,38
vehG-2,1425,5.0,5,39
vehG-3,1493,5.0,5,40
vehG-0,1512,5.0,5,41
