id,tick,speed(float),speed(discrete),Tot v
vehG-0,40,5.196300000000003,5,1
vehG-0,66,5.161500000000007,5,2
vehG-0,89,5.242500000000009,5,3
vehG-0,112,5.161500000000011,5,4
vehG-0,136,4.999500000000014,5,5
vehG-0,158,4.999500000000015,5,6
vehG-0,181,5.2425000000000175,5,7
vehG-0,205,5.242500000000021,5,8
vehG-0,229,4.756500000000024,4,9
vehG-0,262,5.184042857144029,5,10
vehG-0,288,5.184042857144035,5,11
vehG-0,311,5.1840428571440365,5,12
vehG-0,348,5.123271428574039,5,13
vehG-0,373,5.204271428574042,5,14
vehG-0,395,5.123271428574043,5,15
vehG-0,417,4.799271428574043,4,16
vehG-0,486,4.544485714286001,4,17
vehG-0,509,5.192485714286002,5,18
vehG-0,537,3.9540857142860064,3,19
vehG-0,563,5.09948571428601,5,20
vehG-0,611,5.0850000000020135,5,21
vehG-0,635,4.518000000002017,4,22
vehG-0,658,5.166000000002018,5,23
vehG-0,682,5.004000000002021,5,24
vehG-0,706,4.680000000002025,4,25
vehG-0,730,5.085000000002028,5,26
vehG-0,754,5.085000000002031,5,27
vehG-0,781,5.085000000002037,5,28
vehG-0,805,5.08500000000204,5,29
vehG-0,830,4.761000000002044,4,30
vehG-0,854,5.166000000002047,5,31
vehG-0,879,4.84200000000205,4,32
vehG-0,902,5.004000000002053,5,33
vehG-0,927,5.004000000002057,5,34
vehG-0,961,5.05894285714606,5,35
vehG-0,986,4.8969428571460645,4,36
vehG-0,1012,4.977942857146069,4,37
vehG-0,1036,5.139942857146072,5,38
vehG-0,1065,5.058514285718076,5,39
vehG-0,1088,5.058514285718077,5,40
