id,tick,speed(float),speed(discrete),Tot v
vehG-0,28,5.225600000000004,5,1
vehG-0,52,4.9016000000000055,4,2
vehG-0,75,5.225600000000007,5,3
vehG-0,142,4.162400000002011,4,4
vehG-0,167,5.215400000002015,5,5
vehG-0,191,5.215400000002017,5,6
vehG-0,214,4.972400000002018,4,7
vehG-0,238,5.053400000002021,5,8
vehG-0,262,5.053400000002025,5,9
vehG-0,333,4.781957142858001,4,10
vehG-0,358,5.233157142858005,5,11
vehG-0,382,5.233157142858007,5,12
vehG-0,405,5.233157142858008,5,13
vehG-0,429,5.071157142858011,5,14
vehG-0,452,5.152157142858012,5,15
vehG-0,476,5.2331571428580155,5,16
vehG-0,498,5.071157142858016,5,17
vehG-0,525,4.747157142858022,4,18
vehG-0,549,4.585157142858025,4,19
vehG-0,572,5.233157142858028,5,20
vehG-0,596,5.071157142858031,5,21
vehG-0,629,5.070300000002035,5,22
vehG-0,653,5.232300000002038,5,23
vehG-0,678,5.151300000002042,5,24
vehG-0,701,4.827300000002044,4,25
vehG-0,726,4.746300000002048,4,26
vehG-0,750,5.23230000000205,5,27
