id,tick,speed(float),speed(discrete),Tot v
vehG-0,38,5.012600000000003,5,1
vehG-0,61,5.012600000000004,5,2
vehG-0,116,5.049028571430006,5,3
vehG-0,139,5.130028571430008,5,4
vehG-0,163,4.806028571430011,4,5
vehG-0,188,5.211028571430016,5,6
vehG-0,216,5.001971428574022,5,7
vehG-0,265,4.532214285720027,4,8
vehG-0,288,5.018214285720029,5,9
vehG-0,311,5.018214285720031,5,10
vehG-0,335,5.018214285720033,5,11
vehG-0,408,4.652271428572003,4,12
vehG-0,432,5.0572714285720055,5,13
vehG-0,455,5.219271428572008,5,14
vehG-0,479,5.057271428572011,5,15
