id,tick,speed(float),speed(discrete),Tot v
vehG-0,126,5.095928571430009,5,1
vehG-0,229,4.850271428574016,4,2
vehG-0,290,5.174271428574024,5,3
vehG-0,365,4.977214285718032,4,4
vehG-0,424,5.1392142857180385,5,5
vehG-0,483,5.139214285718044,5,6
vehG-0,543,4.896214285718051,4,7
vehG-0,613,4.893471428576057,4,8
vehG-0,673,5.136471428576065,5,9
vehG-0,770,5.0765142857220695,5,10
vehG-0,830,4.798714285722076,4,11
vehG-0,896,4.162114285722087,4,12
vehG-0,957,4.810114285722095,4,13
vehG-0,1035,5.128971428580103,5,14
