id,tick,speed(float),speed(discrete),Tot v
vehG-0,36,5.170671428572004,5,1
vehG-0,59,5.008671428572005,5,2
vehG-0,83,5.008671428572009,5,3
vehG-0,136,4.927714285718014,4,4
vehG-0,159,4.846714285718016,4,5
vehG-0,183,5.0087142857180185,5,6
vehG-0,206,5.170714285718019,5,7
vehG-0,230,5.101114285718023,5,8
vehG-0,254,5.228314285718029,5,9
vehG-0,278,4.742314285718032,4,10
vehG-0,305,5.239714285718037,5,11
vehG-0,329,4.834714285718039,4,12
vehG-0,353,4.834714285718043,4,13
vehG-0,377,5.158714285718048,5,14
vehG-0,412,4.903028571434053,4,15
vehG-0,435,5.2270285714340545,5,16
vehG-0,459,5.227028571434058,5,17
vehG-0,483,5.227028571434062,5,18
vehG-0,509,5.076428571434065,5,19
vehG-0,535,4.879628571434069,4,20
vehG-0,560,5.122628571434073,5,21
vehG-0,583,5.203628571434074,5,22
vehG-0,607,5.1226285714340785,5,23
vehG-0,631,5.0416285714340825,5,24
vehG-0,655,5.122628571434087,5,25
vehG-0,705,5.2239428571500905,5,26
vehG-0,730,5.142942857150095,5,27
vehG-0,753,4.899942857150096,4,28
vehG-0,776,5.223942857150098,5,29
vehG-0,800,5.1429428571501,5,30
vehG-0,824,5.061942857150102,5,31
vehG-0,847,5.061942857150104,5,32
vehG-0,871,5.142942857150107,5,33
vehG-0,896,5.061942857150111,5,34
vehG-0,920,5.061942857150116,5,35
vehG-0,955,5.2394571428661205,5,36
vehG-0,978,5.239457142866122,5,37
vehG-0,1001,5.158457142866125,5,38
vehG-0,1025,4.6724571428661275,4,39
vehG-0,1050,5.158457142866133,5,40
vehG-0,1076,5.077457142866139,5,41
vehG-0,1099,4.672457142866142,4,42
vehG-0,1132,5.146285714296147,5,43
vehG-0,1158,5.146285714296153,5,44
vehG-0,1219,4.755300000012157,4,45
vehG-0,1244,5.241300000012161,5,46
vehG-0,1268,5.160300000012165,5,47
vehG-0,1291,4.431300000012167,4,48
vehG-0,1316,5.079300000012171,5,49
vehG-0,1338,4.917300000012172,4,50
vehG-0,1361,5.241300000012173,5,51
vehG-0,1386,4.755300000012178,4,52
vehG-0,1409,5.24130000001218,5,53
vehG-0,1448,5.139900000016184,5,54
vehG-0,1472,4.815900000016186,4,55
vehG-0,1496,4.5729000000161895,4,56
vehG-0,1521,5.139900000016193,5,57
vehG-0,1546,5.058900000016197,5,58
vehG-0,1570,5.1399000000162,5,59
vehG-0,1593,4.572900000016202,4,60
vehG-0,1617,4.977900000016205,4,61
vehG-0,1647,5.18524285716021,5,62
vehG-0,1680,4.754185714304216,4,63
vehG-0,1703,4.835185714304219,4,64
