
vehG-0,141,2.1622571428580017,2,1
vehG-1,169,1.6116285714300018,1,2
vehG-2,335,2.4380999999999995,2,3
vehG-3,350,3.6458999999999997,3,4
vehG-4,365,4.090071428571999,4,5
vehG-5,378,4.085185714286,4,6
vehG-6,392,4.388185714286001,4,7
vehG-7,403,4.100957142858001,4,8
vehG-8,417,3.406500000002002,3,9
vehG-9,432,3.8228142857180014,3,10
vehG-10,447,2.515242857148001,2,11
vehG-11,494,1.5957000000000001,1,12
vehG-0,510,3.4005857142859997,3,13
vehG-12,523,4.108585714286,4,14
vehG-1,535,3.1436142857159997,3,15
vehG-13,590,1.0935,1,16
vehG-14,604,3.2457857142859994,3,17
vehG-15,621,4.087671428572,4,18
vehG-16,634,2.912100000002,2,19
vehG-17,649,2.5095857142879994,2,20
vehG-18,711,2.8430999999999997,2,21
vehG-19,728,3.3972857142859993,3,22
vehG-20,741,4.1052,4,23
vehG-21,752,3.703157142858001,3,24
vehG-22,764,3.23112857143,3,25
vehG-23,777,3.200785714288,3,26
vehG-2,818,2.0655,2,27
vehG-3,834,2.9841857142859993,2,28
vehG-4,849,4.008,4,29
vehG-5,863,3.83772857143,3,30
vehG-6,877,2.912271428573999,2,31
vehG-7,893,1.210571428576003,1,32
vehG-8,950,2.0655,2,33
vehG-9,967,2.8974857142859993,2,34
vehG-10,1018,2.3408999999999995,2,35
vehG-11,1035,2.8176428571439986,2,36
vehG-0,1088,1.5795,1,37
vehG-12,1106,2.7736714285719994,2,38
vehG-1,1177,1.0935,1,39
vehG-13,1197,3.3104999999999998,3,40
vehG-14,1212,2.837228571429999,2,41
vehG-15,1224,3.552985714286,3,42
vehG-16,1240,2.5785857142880007,2,43
vehG-17,1272,1.0935,1,44
vehG-18,1297,1.9196999999999995,1,45
vehG-19,1349,3.0455999999999994,3,46
vehG-20,1363,3.628371428572,3,47
vehG-21,1375,3.5646428571440003,3,48
vehG-22,1388,3.071614285716,3,49
vehG-23,1402,3.1758428571459993,3,50
vehG-2,1416,3.025071428575999,3,51
vehG-3,1467,2.2275,2,52
vehG-4,1482,3.7674,3,53
vehG-5,1496,3.8598,3,54
vehG-6,1507,3.323957142858,3,55
vehG-7,1522,4.189071428572,4,56
vehG-8,1540,2.606442857146,2,57
vehG-9,1583,2.7296999999999993,2,58
vehG-10,1600,2.789871428571999,2,59
vehG-11,1614,4.076185714286,4,60
vehG-0,1628,3.5784428571440006,3,61
vehG-12,1641,3.314700000002,3,62
vehG-1,1654,2.999357142860001,2,63
vehG-13,1707,2.3571,2,64
vehG-14,1721,3.0652714285719993,3,65
vehG-15,1735,3.079157142857999,3,66
vehG-16,1747,2.4543000000019988,2,67
vehG-17,1761,3.063771428573999,3,68
vehG-18,1777,3.438800000002003,3,69
vehG-19,1792,2.563914285716004,2,70
vehG-20,1927,2.9402999999999997,2,71
vehG-21,1943,2.9865857142859995,2,72
vehG-22,1971,2.268,2,73
vehG-23,1987,3.4515857142859994,3,74
vehG-2,2000,3.166757142858,3,75
vehG-3,2015,3.1248428571440003,3,76
vehG-4,2075,2.3571,2,77
vehG-5,2093,3.5325857142859998,3,78
vehG-6,2107,1.9127571428579995,1,79
vehG-7,2180,1.0935,1,80
vehG-8,2197,3.0374999999999996,3,81
vehG-9,2213,3.331071428572,3,82
vehG-10,2229,2.7435000000019985,2,83
vehG-11,2245,3.212785714288,3,84
vehG-0,2299,1.5795,1,85
vehG-12,2315,2.6567999999999996,2,86
vehG-1,2332,3.101957142858,3,87
vehG-13,2346,2.9935285714299984,2,88
vehG-14,2366,2.8310000000020006,2,89
vehG-15,2461,2.0655,2,90
vehG-16,2477,2.9517857142859993,2,91
vehG-17,2489,4.041200000002002,4,92
vehG-18,2505,3.3651000000080082,3,93
vehG-19,2604,2.0655,2,94
vehG-20,2618,2.7459,2,95
vehG-21,2634,3.3681857142859997,3,96
vehG-22,2647,2.8706142857159995,2,97
vehG-23,2659,3.7403571428580005,3,98
vehG-2,2672,3.490328571430001,3,99
vehG-3,2686,2.353671428574001,2,100
vehG-4,2703,3.231042857146,3,101
vehG-5,2721,1.981314285716002,1,102
vehG-6,2820,3.035185714285999,3,103
vehG-7,2832,3.037157142858,3,104
vehG-8,2846,3.127242857144,3,105
vehG-9,2897,2.0655,2,106
vehG-10,2913,3.6782999999999997,3,107
vehG-11,2926,4.114285714286,4,108
vehG-0,2940,3.002442857143999,3,109
vehG-12,2953,2.5835571428599993,2,110
vehG-1,3005,2.7620999999999993,2,111
vehG-13,3020,2.8961571428579993,2,112
vehG-14,3034,2.4541285714299996,2,113
vehG-15,3048,2.079385714287999,2,114
vehG-16,3109,3.053699999999999,3,115
vehG-17,3123,3.7917,3,116
vehG-18,3137,3.474471428572,3,117
vehG-19,3151,3.2520428571440005,3,118
vehG-20,3215,2.3571,2,119
vehG-21,3233,3.081471428571999,3,120
vehG-22,3273,2.3651999999999997,2,121
vehG-23,3286,3.675985714286,3,122
vehG-2,3297,3.552985714286,3,123
vehG-3,3315,3.2427000000020003,3,124
vehG-4,3329,2.9952428571459997,2,125
vehG-5,3344,2.603785714288001,2,126
vehG-6,3358,2.3054142857160014,2,127
vehG-7,3373,1.7077142857160033,1,128
vehG-8,3478,3.021299999999999,3,129
vehG-9,3490,3.6760714285719995,3,130
vehG-10,3505,3.398442857143999,3,131
vehG-11,3518,3.0035142857159998,3,132
vehG-0,3532,2.7590142857160007,2,133
vehG-12,3547,3.126557142860001,3,134
vehG-1,3563,1.9770285714300015,1,135
vehG-13,3662,3.2294999999999994,3,136
vehG-14,3677,3.784585714286,3,137
vehG-15,3690,3.790285714286,3,138
vehG-16,3703,3.5185285714299996,3,139
vehG-17,3717,3.025242857144,3,140
vehG-18,3731,1.9769571428599997,1,141
vehG-19,3781,2.9807999999999995,2,142
vehG-20,3795,3.2457857142859994,3,143
vehG-21,3809,3.178242857144,3,144
vehG-22,3823,2.843014285715999,2,145
vehG-23,3838,2.140657142860002,2,146
vehG-2,3916,2.7459,2,147
vehG-3,3932,3.8865,3,148
vehG-4,3945,2.343214285715999,2,149
vehG-5,4015,2.3571,2,150
vehG-6,4028,3.0374999999999996,3,151
vehG-7,4041,3.3845571428579992,3,152
vehG-8,4055,3.800871428572,3,153
vehG-9,4069,3.6735857142879986,3,154
vehG-10,4082,2.9187000000019996,2,155
vehG-11,4099,1.0129714285740006,1,156
vehG-0,4136,3.6483,3,157
vehG-12,4150,3.6455571428580003,3,158
vehG-1,4162,2.9767285714300007,2,159
vehG-13,4220,1.6604999999999999,1,160
vehG-14,4236,3.156685714285999,3,161
vehG-15,4250,2.815328571429999,2,162
vehG-16,4266,2.715728571429999,2,163
vehG-17,4281,1.9935857142879987,1,164
vehG-18,4342,2.0655,2,165
vehG-19,4359,2.1951,2,166
vehG-20,4372,3.0652714285719993,3,167
vehG-21,4386,2.1210428571439994,2,168
vehG-22,4403,1.1696142857159995,1,169
vehG-23,4458,3.2457857142859994,3,170
vehG-2,4469,4.078585714286,4,171
vehG-3,4484,2.805457142860001,2,172
vehG-4,4497,2.5019428571460005,2,173
vehG-5,4511,2.7256571428600025,2,174
vehG-6,4636,1.7414999999999998,1,175
vehG-7,4652,3.4805999999999995,3,176
vehG-8,4665,3.722185714286,3,177
vehG-9,4680,3.148414285715999,3,178
vehG-10,4695,3.037414285715999,3,179
vehG-11,4707,3.007414285717997,3,180
vehG-0,4727,1.6498285714319982,1,181
vehG-12,4780,3.2294999999999994,3,182
vehG-1,4795,3.506871428572,3,183
vehG-13,4809,3.842442857144,3,184
vehG-14,4823,2.9607000000019994,2,185
vehG-15,4863,2.2436999999999996,2,186
vehG-16,4876,2.5792714285719995,2,187
vehG-17,4938,1.7009999999999998,1,188
vehG-18,4954,2.3571,2,189
vehG-19,4967,2.6903571428579993,2,190
vehG-20,4979,2.3709857142879986,2,191
vehG-21,4995,2.5653857142879986,2,192
vehG-22,5011,1.12075714286,1,193
vehG-23,5070,2.8650857142859993,2,194
vehG-2,5086,3.0837857142859995,3,195
vehG-3,5102,3.705985714286,3,196
vehG-4,5114,2.962285714287998,2,197
vehG-5,5213,1.6604999999999999,1,198
vehG-6,5229,2.6811,2,199
vehG-7,5244,2.7921857142859996,2,200
vehG-8,5263,3.726800000000001,3,201
vehG-9,5281,2.9765428571440022,2,202
vehG-10,5357,2.106,2,203
vehG-11,5371,2.9065714285719997,2,204
vehG-0,5387,3.934757142858001,3,205
vehG-12,5417,3.692000000000002,3,206
vehG-1,5437,2.5156571428580023,2,207
vehG-13,5543,2.4543,2,208
vehG-14,5558,3.0871714285719993,3,209
vehG-15,5573,3.0348428571439996,3,210
vehG-16,5587,3.2084142857159996,3,211
vehG-17,5601,3.1341000000019994,3,212
vehG-18,5645,1.5795,1,213
vehG-19,5671,2.8511999999999995,2,214
vehG-20,5685,3.2107142857160023,3,215
vehG-21,5800,1.5795,1,216
vehG-22,5819,2.757471428571999,2,217
vehG-23,5832,3.8598,3,218
vehG-2,5843,3.8098714285720003,3,219
vehG-3,5858,3.0231857142879996,3,220
vehG-4,5945,2.1464999999999996,2,221
vehG-5,5961,3.0732857142859995,3,222
vehG-6,5974,2.898642857143999,2,223
vehG-7,5989,2.934428571429999,2,224
vehG-8,6005,2.0906142857159997,2,225
vehG-9,6073,2.3570999999999995,2,226
vehG-10,6088,2.5873714285719993,2,227
vehG-11,6171,1.9683,1,228
vehG-0,6186,2.4543,2,229
vehG-12,6200,2.359328571429999,2,230
vehG-1,6214,1.9821857142879986,1,231
vehG-13,6290,2.2275,2,232
vehG-14,6303,2.8708714285719994,2,233
vehG-15,6321,3.081471428571999,3,234
vehG-16,6334,3.1208142857159986,3,235
vehG-17,6348,3.2084142857159996,3,236
vehG-18,6362,3.1425428571459983,3,237
vehG-19,6428,1.0935,1,238
vehG-20,6442,2.3848714285719996,2,239
vehG-21,6457,2.273785714286,2,240
vehG-22,6475,2.9402999999999997,2,241
vehG-23,6489,3.008485714287998,3,242
vehG-2,6561,1.6767,1,243
vehG-3,6575,1.9821857142859998,1,244
vehG-4,6590,4.0809,4,245
vehG-5,6604,3.842085714286003,3,246
vehG-6,6622,2.916542857144005,2,247
vehG-7,6724,2.3570999999999995,2,248
vehG-8,6769,2.4380999999999995,2,249
vehG-9,6785,3.6458999999999997,3,250
vehG-10,6798,4.128171428572,4,251
vehG-11,6812,3.7357285714300006,3,252
vehG-0,6823,3.1503857142879985,3,253
vehG-12,6846,3.483971428572001,3,254
vehG-1,6863,2.3777428571440025,2,255
vehG-13,6984,2.7459,2,256
vehG-14,6998,3.0513857142859995,3,257
vehG-15,7010,3.995271428572,3,258
vehG-16,7020,2.865814285716,2,259
vehG-17,7035,3.171042857144,3,260
vehG-18,7049,2.8606714285740003,2,261
vehG-19,7099,2.3571,2,262
vehG-20,7116,3.248099999999999,3,263
vehG-21,7131,3.1992428571439997,3,264
vehG-22,7144,2.94912857143,2,265
vehG-23,7159,2.8182000000019998,2,266
vehG-2,7201,2.8511999999999995,2,267
vehG-3,7215,2.7736714285719994,2,268
vehG-4,7257,3.1427999999999994,3,269
vehG-5,7272,2.979557142857999,2,270
vehG-6,7287,2.861528571429999,2,271
vehG-7,7303,2.9946000000019986,2,272
vehG-8,7374,2.6487,2,273
vehG-9,7390,3.2642999999999995,3,274
vehG-10,7407,3.4769571428579997,3,275
vehG-11,7420,3.0438428571440004,3,276
vehG-0,7483,1.2311999999999999,1,277
vehG-12,7500,2.2032,2,278
vehG-1,7517,2.782928571429999,2,279
vehG-13,7533,3.111557142857999,3,280
vehG-14,7549,4.043785714286,4,281
vehG-15,7565,2.954014285715999,2,282
vehG-16,7615,2.268,2,283
vehG-17,7628,3.2457857142859994,3,284
vehG-18,7643,2.9032714285719994,2,285
vehG-19,7657,3.028242857143999,3,286
vehG-20,7669,2.9541857142879984,2,287
vehG-21,7684,2.8708714285739982,2,288
vehG-22,7699,2.2916571428680017,2,289
vehG-23,7761,1.1744999999999999,1,290
vehG-2,7777,2.8650857142859993,2,291
vehG-3,7791,2.8847571428579992,2,292
vehG-4,7807,2.388628571430002,2,293
vehG-5,7901,1.6767,1,294
vehG-6,7919,2.8592999999999997,2,295
vehG-7,7933,3.7406999999999995,3,296
vehG-8,7947,3.8398714285720006,3,297
vehG-9,7959,3.865242857144001,3,298
vehG-10,7973,3.885900000002,3,299
vehG-11,7985,3.909771428574001,3,300
vehG-0,7999,3.175328571432,3,301
vehG-12,8013,3.286057142858003,3,302
vehG-1,8082,2.876428571432003,2,303
vehG-13,8095,2.6011142857160032,2,304
vehG-14,8184,3.021299999999999,3,305
vehG-15,8199,3.7812857142859997,3,306
vehG-16,8213,3.8009571428579996,3,307
vehG-17,8225,3.5158714285720003,3,308
vehG-18,8244,1.1738142857160003,1,309
vehG-19,8308,3.2457857142859994,3,310
vehG-20,8323,2.726142857143999,2,311
vehG-21,8337,4.191642857144,4,312
vehG-22,8349,2.895642857144,2,313
vehG-23,8364,2.841000000002001,2,314
vehG-2,8378,2.1282857142880007,2,315
vehG-3,8412,1.9277999999999993,1,316
vehG-4,8425,2.0932714285719998,2,317
vehG-5,8489,2.7296999999999993,2,318
vehG-6,8503,3.0652714285719993,3,319
vehG-7,8519,2.855742857143999,2,320
vehG-8,8590,2.6487,2,321
vehG-9,8606,3.0050999999999997,3,322
vehG-10,8618,3.384385714286,3,323
vehG-11,8633,3.239828571429999,3,324
vehG-0,8648,3.198257142859998,3,325
vehG-12,8733,1.5795,1,326
vehG-1,8749,1.3203,1,327
vehG-13,8762,3.0652714285719993,3,328
vehG-14,8779,3.022371428572,3,329
vehG-15,8789,3.093042857143999,3,330
vehG-16,8801,2.2182428571459982,2,331
vehG-17,8887,2.9402999999999997,2,332
vehG-18,8903,2.757471428571999,2,333
vehG-19,8917,2.7540000000019984,2,334
vehG-20,8931,2.849614285715999,2,335
vehG-21,8945,2.821671428573999,2,336
vehG-22,8959,2.508171428573999,2,337
vehG-23,8974,2.9555571428600005,2,338
vehG-2,8990,2.1327428571460008,2,339
vehG-3,9001,1.8538714285759996,1,340
vehG-4,9060,3.3104999999999998,3,341
vehG-5,9074,3.273557142857999,3,342
vehG-6,9087,3.328757142858,3,343
vehG-7,9100,3.3331285714300005,3,344
vehG-8,9115,3.1385428571440017,3,345
vehG-9,9225,2.1464999999999996,2,346
vehG-10,9240,3.6458999999999997,3,347
vehG-11,9255,4.200985714286,4,348
vehG-0,9265,3.5691857142860006,3,349
vehG-12,9279,4.184442857144001,4,350
vehG-1,9293,3.677700000002,3,351
vehG-13,9313,3.7154000000000007,3,352
vehG-14,9332,2.803228571430001,2,353
vehG-15,9422,2.1071428571440007,2,354
vehG-16,9440,2.7362857142880013,2,355
vehG-17,9536,1.134,1,356
vehG-18,9549,3.259671428571999,3,357
vehG-19,9568,3.4086857142859994,3,358
vehG-20,9582,3.049071428571999,3,359
vehG-21,9629,2.0655,2,360
vehG-22,9645,3.1346999999999996,3,361
vehG-23,9658,2.981957142857999,2,362
vehG-2,9671,2.9025714285740007,2,363
vehG-3,9733,2.0655,2,364
vehG-4,9748,2.5515,2,365
vehG-5,9763,2.5211571428579997,2,366
vehG-6,9777,2.148814285715999,2,367
vehG-7,9857,3.1427999999999994,3,368
vehG-8,9876,3.0328714285719993,3,369
vehG-9,9901,1.3295571428579993,1,370
vehG-10,9915,3.2619,3,371
vehG-11,9928,3.8771571428579996,3,372
vehG-0,9941,3.5610857142879992,3,373
vehG-12,9955,2.9308714285739987,2,374
vehG-1,9969,2.5553428571479997,2,375
vehG-13,10023,2.7459,2,376
vehG-14,10040,3.189085714285999,3,377
vehG-15,10051,2.9818714285719996,2,378
vehG-16,10065,3.656142857144,3,379
vehG-17,10095,2.940028571430001,2,380
vehG-18,10192,1.0935,1,381
vehG-19,10208,3.1427999999999994,3,382
vehG-20,10222,3.992785714286,3,383
vehG-21,10235,4.168585714286,4,384
vehG-22,10248,3.3579000000100083,3,385
vehG-23,10275,2.199542857144001,2,386
vehG-2,10372,2.7459,2,387
vehG-3,10387,3.4515857142859994,3,388
vehG-4,10402,4.006671428572,4,389
vehG-5,10415,3.545957142858001,3,390
vehG-6,10430,3.169885714288,3,391
vehG-7,10503,1.0935,1,392
vehG-8,10519,3.2294999999999994,3,393
vehG-9,10534,3.3125571428579996,3,394
vehG-10,10546,4.206685714286,4,395
vehG-11,10559,3.416357142858001,3,396
vehG-0,10572,2.9859857142879997,2,397
vehG-12,10585,1.7129571428600008,1,398
vehG-1,10626,2.4380999999999995,2,399
vehG-13,10639,2.0932714285719998,2,400
vehG-14,10685,1.5957000000000001,1,401
vehG-15,10700,2.965671428571999,2,402
vehG-16,10715,3.3264428571439995,3,403
vehG-17,10728,4.015671428572,4,404
vehG-18,10742,3.636042857144001,3,405
vehG-19,10756,2.4859285714300006,2,406
vehG-20,10829,2.6487,2,407
vehG-21,10847,3.379671428572,3,408
vehG-22,10858,4.106185714286,4,409
vehG-23,10873,2.1903000000019994,2,410
vehG-2,10893,1.1778000000019992,1,411
vehG-3,10938,3.2318999999999996,3,412
vehG-4,10952,3.201642857143999,3,413
vehG-5,10967,3.9458000000020035,3,414
vehG-6,10981,2.356228571430003,2,415
vehG-7,11092,2.4704999999999995,2,416
vehG-8,11107,3.489685714286,3,417
vehG-9,11118,4.009071428572,4,418
vehG-10,11133,3.7147285714300007,3,419
vehG-11,11145,4.121957142858,4,420
vehG-0,11159,2.8722428571440006,2,421
vehG-12,11202,2.3571,2,422
vehG-1,11217,3.6458999999999997,3,423
vehG-13,11231,3.7312714285720006,3,424
vehG-14,11245,4.103785714286,4,425
vehG-15,11257,4.072285714286001,4,426
vehG-16,11270,2.84455714286,2,427
vehG-17,11285,1.1572714285740018,1,428
vehG-18,11330,3.2294999999999994,3,429
vehG-19,11343,3.0652714285719993,3,430
vehG-20,11358,3.8586428571439995,3,431
vehG-21,11393,2.3382285714300015,2,432
vehG-22,11450,2.5839,2,433
vehG-23,11464,3.2318999999999996,3,434
vehG-2,11582,1.0935,1,435
vehG-3,11601,2.3733,2,436
vehG-4,11612,2.306185714286,2,437
vehG-5,11625,3.0652714285719993,3,438
vehG-6,11729,1.0935,1,439
vehG-7,11747,3.3509999999999995,3,440
vehG-8,11761,3.689871428572,3,441
vehG-9,11818,4.155200000000001,4,442
vehG-10,11837,3.032257142858002,3,443
vehG-11,11929,1.5795,1,444
vehG-0,11943,2.9402999999999997,2,445
vehG-12,11959,2.8176428571439986,2,446
vehG-1,11973,3.190242857143999,3,447
vehG-13,11987,3.087900000002,3,448
vehG-14,12002,2.9154000000019997,2,449
vehG-15,12087,2.4380999999999995,2,450
vehG-16,12103,2.965671428571999,2,451
vehG-17,12117,3.4929857142859997,3,452
vehG-18,12132,2.3847000000019993,2,453
vehG-19,12170,2.7296999999999993,2,454
vehG-20,12184,3.489685714286,3,455
vehG-21,12198,2.9515285714299995,2,456
vehG-22,12215,2.1612000000019997,2,457
vehG-23,12261,2.0007,2,458
vehG-2,12276,2.8430999999999997,2,459
vehG-3,12287,2.732014285715999,2,460
vehG-4,12351,3.1427999999999994,3,461
vehG-5,12367,3.127671428571999,3,462
vehG-6,12381,2.7595285714299997,2,463
vehG-7,12395,3.2847000000019992,3,464
vehG-8,12425,2.953742857144002,2,465
vehG-9,12520,2.7296999999999993,2,466
vehG-10,12535,3.8541,3,467
vehG-11,12546,4.203385714286,4,468
vehG-0,12558,4.101385714286001,4,469
vehG-12,12594,2.8822571428580006,2,470
vehG-1,12683,1.5795,1,471
vehG-13,12700,2.8754999999999997,2,472
vehG-14,12712,3.203871428572,3,473
vehG-15,12727,3.2041285714299987,3,474
vehG-16,12739,3.0375000000019985,3,475
vehG-17,12786,1.0935,1,476
vehG-18,12807,2.0654999999999997,2,477
vehG-19,12821,2.8847571428579992,2,478
vehG-20,12835,3.2291571428579995,3,479
vehG-21,12849,3.210114285716002,3,480
vehG-22,12993,2.5595999999999997,2,481
vehG-23,13008,3.6597857142859995,3,482
vehG-2,13021,3.342642857144,3,483
vehG-3,13032,3.26592857143,3,484
vehG-4,13047,3.5294142857160007,3,485
vehG-5,13060,3.270300000002001,3,486
vehG-6,13074,3.120042857146,3,487
vehG-7,13088,2.882685714292003,2,488
vehG-8,13165,2.7620999999999993,2,489
vehG-9,13177,3.2734714285719995,3,490
vehG-10,13190,3.166757142858,3,491
vehG-11,13203,3.980871428572001,3,492
vehG-0,13216,4.075671428572001,4,493
vehG-12,13229,3.814071428572001,3,494
vehG-1,13242,4.031528571430001,4,495
vehG-13,13266,2.731828571430001,2,496
