id,tick,speed(float),speed(discrete),Tot v
vehG-0,66,5.2162000000000095,5,1
vehG-1,79,5.013300000000007,5,2
vehG-2,92,5.210100000000009,5,3
vehG-3,172,5.107842857144006,5,4
vehG-0,186,5.144357142858004,5,5
vehG-1,198,4.805785714286006,4,6
vehG-2,211,4.016100000000007,4,7
vehG-3,309,5.178771428572003,5,8
vehG-0,325,4.723414285716005,4,9
vehG-1,337,5.146157142858003,5,10
vehG-2,349,5.187385714286005,5,11
vehG-3,429,5.117700000000005,5,12
vehG-0,441,5.024614285716003,5,13
vehG-1,453,5.184042857144006,5,14
vehG-2,464,5.086071428572004,5,15
vehG-3,557,5.043471428572002,5,16
vehG-0,570,5.1796714285720045,5,17
vehG-1,581,4.688700000000006,4,18
vehG-2,594,4.398985714286007,4,19
vehG-3,693,5.177700000000003,5,20
vehG-0,709,4.6817571428580065,4,21
vehG-1,724,4.791900000000006,4,22
vehG-2,735,4.849500000000007,4,23
vehG-3,752,5.096700000000009,5,24
vehG-0,820,5.239200000000003,5,25
vehG-1,833,5.024700000000006,5,26
vehG-2,846,5.151900000000007,5,27
vehG-3,858,5.162871428572004,5,28
vehG-0,942,5.094385714286005,5,29
vehG-1,955,4.827900000000007,4,30
vehG-2,967,5.105185714286005,5,31
vehG-3,979,5.081700000000007,5,32
vehG-0,1003,4.330585714286013,4,33
vehG-1,1018,5.036100000000017,5,34
vehG-2,1088,4.580700000000003,4,35
vehG-3,1099,4.730957142858005,4,36
vehG-0,1115,5.158328571430005,5,37
vehG-1,1127,4.597585714286006,4,38
vehG-2,1237,5.172000000000004,5,39
vehG-3,1249,5.137928571430004,5,40
vehG-0,1261,5.177014285716003,5,41
vehG-1,1320,5.0619857142860045,5,42
vehG-2,1332,5.017671428574001,5,43
vehG-3,1343,5.0271000000060075,5,44
vehG-0,1358,4.6325571428620105,4,45
vehG-1,1391,5.214128571430013,5,46
vehG-2,1428,5.231100000000005,5,47
vehG-3,1440,5.059500000000004,5,48
vehG-0,1452,5.151900000000005,5,49
vehG-1,1464,4.425728571430021,4,50
vehG-2,1487,5.23110000000001,5,51
vehG-3,1501,5.140500000000013,5,52
vehG-0,1513,5.151900000000014,5,53
vehG-1,1587,5.069142857146004,5,54
vehG-2,1600,5.047414285718002,5,55
vehG-3,1624,2.655728571434002,2,56
vehG-0,1637,3.2483571428639997,3,57
vehG-1,1687,5.061557142858003,5,58
vehG-2,1708,5.032757142860004,5,59
vehG-3,1720,5.223642857150011,5,60
vehG-0,1732,5.1469285714360105,5,61
vehG-1,1747,5.14255714285801,5,62
vehG-2,1818,4.816585714286004,4,63
vehG-3,1829,5.151900000000005,5,64
vehG-0,1844,5.105185714286007,5,65
vehG-1,1855,5.070300000000008,5,66
vehG-2,1881,4.816585714286014,4,67
vehG-3,1971,5.126357142858007,5,68
vehG-0,1984,4.760185714286005,4,69
vehG-1,1998,5.0235000000000065,5,70
vehG-2,2010,5.138700000000006,5,71
vehG-3,2088,5.200671428572004,5,72
vehG-0,2099,5.0937000000000054,5,73
vehG-1,2110,5.232300000000005,5,74
vehG-2,2124,5.139300000000006,5,75
vehG-3,2146,4.390671428572009,4,76
vehG-0,2159,5.012700000000013,5,77
vehG-1,2223,4.064700000000004,4,78
vehG-2,2235,4.469700000000007,4,79
vehG-3,2247,5.059500000000006,5,80
vehG-0,2259,4.816585714286009,4,81
vehG-1,2283,5.198700000000011,5,82
vehG-2,2303,5.116928571430014,5,83
vehG-3,2314,5.232300000000014,5,84
vehG-0,2373,5.212500000000004,5,85
vehG-1,2390,4.661014285716004,4,86
vehG-2,2404,4.447157142858005,4,87
vehG-3,2417,4.664185714286008,4,88
vehG-0,2432,5.05050000000001,5,89
vehG-1,2502,4.911385714286005,4,90
vehG-2,2514,5.188671428572003,5,91
vehG-3,2526,5.116500000000005,5,92
vehG-0,2542,5.162185714286006,5,93
vehG-1,2559,5.073385714286009,5,94
vehG-2,2575,5.107671428572012,5,95
vehG-3,2588,4.190700000000013,4,96
vehG-0,2666,4.895271428572004,4,97
vehG-1,2677,5.059414285716003,5,98
vehG-2,2691,5.160642857144005,5,99
vehG-3,2708,4.044042857144007,4,100
vehG-0,2775,4.837671428572002,4,101
vehG-1,2788,5.221414285716004,5,102
vehG-2,2800,4.593642857144005,4,103
vehG-3,2814,5.120442857144004,5,104
vehG-0,2884,5.075957142858003,5,105
vehG-1,2897,5.024700000002004,5,106
vehG-2,2910,5.068242857144006,5,107
vehG-3,2922,5.026157142858005,5,108
vehG-0,2945,4.75195714285801,4,109
vehG-1,2956,5.1057000000020105,5,110
vehG-2,3038,5.0667000000000035,5,111
vehG-3,3050,4.712442857144003,4,112
vehG-0,3065,5.0336142857160056,5,113
vehG-1,3077,5.016471428572006,5,114
vehG-2,3102,4.013700000000015,4,115
vehG-3,3118,4.734900000002014,4,116
vehG-0,3171,4.025185714286004,4,117
vehG-1,3183,5.115042857144005,5,118
vehG-2,3196,5.225271428572006,5,119
vehG-3,3208,5.1123000000040255,5,120
vehG-0,3293,4.575900000000005,4,121
vehG-1,3304,5.158757142858004,5,122
vehG-2,3320,5.083757142858004,5,123
vehG-3,3330,5.092500000000006,5,124
vehG-0,3410,4.839900000000005,4,125
vehG-1,3422,4.654500000000005,4,126
vehG-2,3435,5.001300000000006,5,127
vehG-3,3451,5.192871428572004,5,128
vehG-0,3470,5.001900000000013,5,129
vehG-1,3482,4.654500000000012,4,130
vehG-2,3559,4.672842857144004,4,131
vehG-3,3571,4.959471428572005,4,132
vehG-0,3586,4.0653857142860055,4,133
vehG-1,3596,4.8495857142860075,4,134
vehG-2,3618,5.077842857144012,5,135
vehG-3,3631,4.635471428572012,4,136
vehG-0,3703,5.094385714286007,5,137
vehG-1,3715,5.047500000000006,5,138
vehG-2,3729,5.081700000000006,5,139
vehG-3,3743,5.0463857142860045,5,140
vehG-0,3812,4.781871428572003,4,141
vehG-1,3824,5.2353857142860045,5,142
vehG-2,3835,5.001300000000007,5,143
vehG-3,3846,5.012700000000006,5,144
vehG-0,3873,4.943871428572011,4,145
vehG-1,3887,4.448271428572012,4,146
vehG-2,3975,5.228442857144005,5,147
