id,tick,speed(float),speed(discrete),Tot v
vehG-0,72,5.069100000000007,5,1
vehG-1,86,5.163900000000009,5,2
vehG-2,100,4.770300000000009,4,3
vehG-0,134,5.150100000000017,5,4
vehG-1,147,4.920900000000017,4,5
vehG-2,160,5.013300000000016,5,6
vehG-0,193,5.069100000000023,5,7
vehG-1,210,5.163471428572023,5,8
vehG-2,222,5.221500000000025,5,9
vehG-0,252,4.907100000000027,4,10
vehG-1,272,5.163471428572032,5,11
vehG-2,283,5.221500000000032,5,12
vehG-0,311,5.0691000000000335,5,13
vehG-1,332,5.00147142857204,5,14
vehG-2,344,5.105700000000039,5,15
vehG-0,376,5.1496714285720415,5,16
vehG-1,391,5.001471428572045,5,17
vehG-2,402,5.105700000000042,5,18
vehG-0,435,4.825671428572047,4,19
vehG-1,449,5.0014714285720485,5,20
vehG-2,461,5.186700000000049,5,21
vehG-0,497,5.1496714285720575,5,22
vehG-1,508,4.4344714285720555,4,23
vehG-2,521,5.1057000000000565,5,24
vehG-0,559,5.149671428572068,5,25
vehG-1,570,5.0014714285720645,5,26
vehG-2,581,5.024700000000064,5,27
vehG-0,617,5.149671428572072,5,28
vehG-1,631,5.047671428572072,5,29
vehG-2,646,5.047500000000075,5,30
vehG-0,674,4.744671428572076,4,31
vehG-1,692,5.20967142857208,5,32
vehG-2,704,5.209500000000079,5,33
vehG-0,732,5.149671428572081,5,34
vehG-1,751,4.723671428572087,4,35
vehG-2,766,5.209500000000088,5,36
vehG-0,792,4.501671428572088,4,37
vehG-1,812,4.561671428572095,4,38
vehG-2,827,5.047500000000096,5,39
vehG-0,871,4.499957142860097,4,40
vehG-1,884,5.093442857144102,5,41
vehG-2,898,5.104500000000102,5,42
vehG-0,934,5.066957142860108,5,43
vehG-1,958,4.097271428574111,4,44
vehG-2,972,5.184900000000111,5,45
vehG-0,993,5.228957142860114,5,46
vehG-1,1017,5.231271428574117,5,47
vehG-2,1032,4.907100000000117,4,48
vehG-0,1053,5.228957142860121,5,49
vehG-1,1077,4.907271428574124,4,50
vehG-2,1091,4.259100000000123,4,51
vehG-0,1113,5.066957142860128,5,52
vehG-1,1142,5.011157142860135,5,53
vehG-2,1157,5.080157142858131,5,54
vehG-0,1171,5.066957142860133,5,55
vehG-1,1201,4.687157142860141,4,56
vehG-2,1216,4.756157142858139,4,57
vehG-0,1232,4.661957142860141,4,58
vehG-1,1268,5.161328571432151,5,59
vehG-2,1283,4.906157142858149,4,60
vehG-0,1294,5.205557142860148,5,61
vehG-1,1346,4.9220142857201585,4,62
vehG-2,1359,4.720757142858156,4,63
vehG-0,1371,4.429842857146156,4,64
vehG-1,1409,4.760014285720168,4,65
vehG-2,1419,5.206757142858164,5,66
vehG-0,1432,4.672842857146165,4,67
vehG-1,1479,4.569728571436176,4,68
vehG-2,1490,4.535357142858172,4,69
vehG-0,1502,4.0014428571461735,4,70
vehG-1,1544,4.048414285722183,4,71
vehG-2,1558,3.956357142858182,3,72
vehG-0,1571,4.718442857146187,4,73
vehG-1,1608,4.788814285722194,4,74
vehG-2,1620,5.182757142858189,5,75
vehG-0,1631,5.042442857146196,5,76
vehG-1,1671,5.078014285722204,5,77
vehG-2,1686,4.7658428571442,4,78
vehG-0,1697,5.227242857146207,5,79
vehG-1,1745,4.450328571438213,4,80
vehG-2,1757,4.6962428571442105,4,81
vehG-0,1773,5.064214285718216,5,82
vehG-1,1806,5.179328571438221,5,83
vehG-2,1819,4.9392428571442215,4,84
vehG-0,1834,5.145214285718224,5,85
