id,tick,speed(float),speed(discrete),Tot v
vehG-0,41,5.010385714288005,5,1
vehG-0,65,5.01038571428801,5,2
vehG-0,99,4.815214285720015,4,3
vehG-0,161,5.1058714285720015,5,4
vehG-0,185,4.619871428572004,4,5
vehG-0,210,5.1520714285720075,5,6
vehG-0,234,5.152071428572011,5,7
vehG-0,266,4.764728571432017,4,8
vehG-0,298,5.187642857148023,5,9
vehG-0,359,5.112471428580028,5,10
vehG-0,384,5.1934714285800325,5,11
vehG-0,407,5.193471428580034,5,12
vehG-0,441,4.098214285726039,4,13
vehG-0,466,5.0702142857260455,5,14
vehG-0,524,5.113414285728051,5,15
vehG-0,548,4.789414285728053,4,16
vehG-0,573,5.032414285728058,5,17
vehG-0,624,3.9318428571600603,3,18
vehG-0,650,4.707042857160066,4,19
vehG-0,676,5.07724285716007,5,20
vehG-0,699,5.158242857160073,5,21
vehG-0,722,4.915242857160075,4,22
vehG-0,792,5.206328571448077,5,23
vehG-0,816,5.04432857144808,5,24
vehG-0,841,4.882328571448085,4,25
vehG-0,876,5.0890714285940915,5,26
vehG-0,950,4.772400000024095,4,27
vehG-0,974,4.853400000024098,4,28
vehG-0,1000,5.015400000024104,5,29
vehG-0,1031,5.037600000026111,5,30
vehG-0,1063,5.041285714314117,5,31
vehG-0,1129,5.1030000000301206,5,32
vehG-0,1152,5.022000000030123,5,33
vehG-0,1178,5.033400000030127,5,34
vehG-0,1202,5.114400000030132,5,35
vehG-0,1305,5.213571428572002,5,36
vehG-0,1329,5.051571428572005,5,37
vehG-0,1352,5.132571428572006,5,38
vehG-0,1423,4.750757142860009,4,39
vehG-0,1447,5.236757142860012,5,40
vehG-0,1472,5.155757142860016,5,41
vehG-0,1495,5.236757142860019,5,42
vehG-0,1548,5.084228571434023,5,43
vehG-0,1591,5.046428571436026,5,44
vehG-0,1615,5.127428571436029,5,45
vehG-0,1641,5.092628571436032,5,46
vehG-0,1665,5.173628571436035,5,47
vehG-0,1740,4.607914285724041,4,48
vehG-0,1766,5.0591142857240445,5,49
vehG-0,1789,5.221114285724049,5,50
vehG-0,1814,4.897114285724054,4,51
vehG-0,1888,4.371900000012061,4,52
vehG-0,1917,5.100471428584065,5,53
vehG-0,1941,5.019471428584069,5,54
vehG-0,1983,5.0208428571580725,5,55
vehG-0,2006,5.020842857158074,5,56
vehG-0,2029,5.101842857158076,5,57
vehG-0,2059,5.2401000000160805,5,58
vehG-0,2101,4.922271428590083,4,59
vehG-0,2125,5.003271428590086,5,60
vehG-0,2150,5.003271428590089,5,61
vehG-0,2173,4.922271428590092,4,62
vehG-0,2203,5.2335857143060975,5,63
vehG-0,2226,5.152585714306102,5,64
vehG-0,2251,5.071585714306106,5,65
vehG-0,2277,4.8747857143061095,4,66
vehG-0,2301,5.036785714306112,5,67
vehG-0,2324,5.198785714306115,5,68
vehG-0,2356,4.862442857166118,4,69
vehG-0,2428,4.788857142882123,4,70
vehG-0,2452,5.031857142882125,5,71
vehG-0,2476,5.112857142882128,5,72
vehG-0,2501,5.031857142882132,5,73
vehG-0,2561,5.219271428572002,5,74
vehG-0,2584,4.895271428572004,4,75
vehG-0,2610,5.057271428572008,5,76
vehG-0,2634,4.733271428572012,4,77
vehG-0,2659,5.103471428572018,5,78
vehG-0,2701,5.1509571428600225,5,79
vehG-0,2727,4.873157142860027,4,80
vehG-0,2750,5.0351571428600295,5,81
vehG-0,2781,5.0573571428620365,5,82
vehG-0,2812,5.188242857150041,5,83
vehG-0,2843,4.192500000008047,4,84
vehG-0,2868,5.08350000000805,5,85
vehG-0,2891,5.002500000008053,5,86
