id,tick,speed(float),speed(discrete),Tot v
vehG-0,38,5.237871428572004,5,1
vehG-0,63,5.237871428572007,5,2
vehG-0,147,4.494900000000001,4,3
vehG-0,171,5.1429000000000045,5,4
vehG-0,194,5.061900000000007,5,5
vehG-0,255,4.32857142857401,4,6
vehG-0,281,4.420971428574014,4,7
vehG-0,363,5.175385714286001,5,8
vehG-0,389,5.140585714286006,5,9
vehG-0,413,5.14058571428601,5,10
vehG-0,447,5.035157142860015,5,11
vehG-0,472,5.000357142860018,5,12
vehG-0,495,5.000357142860018,5,13
vehG-0,519,4.595357142860022,4,14
vehG-0,543,5.162357142860026,5,15
vehG-0,567,4.51435714286003,4,16
vehG-0,623,5.040257142862034,5,17
vehG-0,647,4.8782571428620365,4,18
vehG-0,671,5.20225714286204,5,19
vehG-0,739,5.050585714286001,5,20
vehG-0,765,5.189271428572004,5,21
vehG-0,789,5.027271428572007,5,22
vehG-0,815,3.7888714285720093,3,23
vehG-0,849,4.528414285718014,4,24
vehG-0,873,4.366414285718017,4,25
vehG-0,901,4.898614285718024,4,26
vehG-0,925,5.222614285718027,5,27
vehG-0,948,5.060614285718028,5,28
vehG-0,973,5.141614285718035,5,29
vehG-0,1018,5.04587142857804,5,30
vehG-0,1041,5.0458714285780415,5,31
vehG-0,1066,5.045871428578045,5,32
vehG-0,1089,5.126871428578048,5,33
vehG-0,1142,4.813585714294051,4,34
vehG-0,1166,5.137585714294055,5,35
vehG-0,1191,5.137585714294058,5,36
vehG-0,1215,5.1375857142940635,5,37
vehG-0,1246,5.148557142866068,5,38
vehG-0,1270,5.229557142866071,5,39
vehG-0,1294,4.986557142866074,4,40
vehG-0,1320,4.581557142866082,4,41
vehG-0,1352,4.685100000010087,4,42
vehG-0,1376,5.09010000001009,5,43
vehG-0,1400,5.171100000010093,5,44
vehG-0,1423,4.847100000010095,4,45
vehG-0,1447,5.009100000010101,5,46
vehG-0,1497,4.050214285726106,4,47
vehG-0,1521,5.103214285726109,5,48
vehG-0,1544,5.103214285726111,5,49
vehG-0,1569,5.022214285726115,5,50
