id,tick,speed(float),speed(discrete),Tot v
vehG-0,61,5.091814285716003,5,1
vehG-0,84,5.091814285716005,5,2
vehG-0,108,5.172814285716008,5,3
vehG-0,132,4.443814285716011,4,4
vehG-0,156,5.091814285716014,5,5
vehG-0,180,4.362814285716016,4,6
vehG-0,239,5.21781428571802,5,7
vehG-0,263,5.136814285718022,5,8
vehG-0,286,5.136814285718024,5,9
vehG-0,310,4.974814285718026,4,10
vehG-0,333,4.893814285718029,4,11
vehG-0,358,4.2458142857180325,4,12
vehG-0,427,4.9128000000000025,4,13
vehG-0,451,5.236800000000006,5,14
vehG-0,474,5.074800000000007,5,15
vehG-0,498,5.15580000000001,5,16
vehG-0,524,4.149000000000015,4,17
vehG-0,552,4.36868571428602,4,18
vehG-0,628,4.454271428574022,4,19
vehG-0,654,5.102271428574027,5,20
vehG-0,679,5.18327142857403,5,21
vehG-0,703,5.183271428574034,5,22
vehG-0,758,5.005285714290037,5,23
vehG-0,783,4.68128571429004,4,24
vehG-0,807,4.438285714290044,4,25
vehG-0,858,5.059585714286002,5,26
vehG-0,882,5.140585714286005,5,27
vehG-0,907,4.573585714286009,4,28
vehG-0,932,5.140585714286012,5,29
vehG-0,958,4.619785714286018,4,30
vehG-0,983,5.024785714286023,5,31
vehG-0,1013,5.023671428574029,5,32
vehG-0,1038,5.185671428574033,5,33
vehG-0,1061,5.1046714285740356,5,34
vehG-0,1086,5.104671428574039,5,35
vehG-0,1111,4.699671428574043,4,36
vehG-0,1147,4.882928571434049,4,37
vehG-0,1171,5.044928571434052,5,38
vehG-0,1194,4.963928571434054,4,39
vehG-0,1217,4.882928571434056,4,40
vehG-0,1242,5.12592857143406,5,41
vehG-0,1265,5.206928571434061,5,42
vehG-0,1332,4.897585714286002,4,43
vehG-0,1357,5.059585714286007,5,44
vehG-0,1380,5.059585714286008,5,45
vehG-0,1404,5.140585714286011,5,46
vehG-0,1427,5.221585714286013,5,47
vehG-0,1450,5.140585714286015,5,48
vehG-0,1474,5.059585714286019,5,49
vehG-0,1499,4.654585714286025,4,50
vehG-0,1522,5.221585714286027,5,51
vehG-0,1548,4.700785714286031,4,52
vehG-0,1572,4.7007857142860345,4,53
vehG-0,1597,5.02478571428604,5,54
vehG-0,1650,4.605214285716044,4,55
vehG-0,1674,5.010214285716047,5,56
vehG-0,1697,5.0102142857160485,5,57
vehG-0,1720,5.172214285716051,5,58
vehG-0,1746,5.1722142857160565,5,59
vehG-0,1771,4.848214285716064,4,60
vehG-0,1801,5.083414285718069,5,61
vehG-0,1824,4.59741428571807,4,62
vehG-0,1848,4.759414285718073,4,63
