id,tick,speed(float),speed(discrete),Tot v
vehG-0,127,5.080585714286005,5,1
vehG-1,155,4.734928571432008,4,2
vehG-2,167,5.238742857144005,5,3
vehG-3,180,4.922842857144004,4,4
vehG-4,200,5.0619857142860045,5,5
vehG-5,242,4.754185714286003,4,6
vehG-6,255,5.003285714286004,5,7
vehG-7,267,5.001285714286005,5,8
vehG-0,282,4.663414285716012,4,9
vehG-1,294,4.909057142862017,4,10
vehG-2,325,4.802242857148013,4,11
vehG-3,339,4.01958571428801,4,12
vehG-4,398,5.0734714285720015,5,13
vehG-5,412,5.160900000002008,5,14
vehG-6,426,4.137228571430008,4,15
vehG-7,440,4.451128571430011,4,16
vehG-0,518,5.230671428572004,5,17
vehG-1,531,5.001200000006022,5,18
vehG-2,543,4.7242857142920185,4,19
vehG-3,555,4.787500000004013,4,20
vehG-4,567,5.093614285716006,5,21
vehG-5,598,5.001557142858005,5,22
vehG-6,623,5.1770714285740125,5,23
vehG-7,640,4.136771428574015,4,24
vehG-0,654,5.028385714288009,5,25
vehG-1,669,4.9265428571500305,4,26
vehG-2,683,3.781600000008023,3,27
vehG-3,705,3.790857142862018,3,28
vehG-4,719,3.875871428574012,3,29
vehG-5,739,3.78810000000201,3,30
vehG-6,786,4.910485714286006,4,31
vehG-7,799,5.072128571432018,5,32
vehG-0,813,5.164328571432014,5,33
vehG-1,827,5.140185714294035,5,34
vehG-2,840,4.635057142866026,4,35
vehG-3,855,3.8548857142920214,3,36
vehG-4,868,3.705257142862016,3,37
vehG-5,920,5.148557142860014,5,38
vehG-6,937,5.198828571430012,5,39
vehG-7,950,5.024171428576024,5,40
vehG-0,961,5.2240714285760195,5,41
vehG-1,973,4.76252857143804,4,42
vehG-2,1035,5.077200000000003,5,43
vehG-3,1048,4.711728571436023,4,44
vehG-4,1061,4.4420142857200196,4,45
vehG-5,1075,4.223400000004021,4,46
vehG-6,1092,4.746428571432019,4,47
vehG-7,1168,5.2260428571440025,5,48
vehG-0,1182,5.1357000000060244,5,49
vehG-1,1194,5.159085714296045,5,50
vehG-2,1207,5.007342857144009,5,51
vehG-3,1219,4.828085714294029,4,52
vehG-4,1305,5.0386714285720045,5,53
vehG-5,1319,4.901057142862026,4,54
vehG-6,1331,4.605985714290024,4,55
vehG-7,1373,4.759028571432011,4,56
vehG-0,1399,5.215671428580033,5,57
vehG-1,1412,4.86242857144005,4,58
vehG-2,1424,4.116985714288012,4,59
vehG-3,1440,3.7870428571520334,3,60
vehG-4,1454,3.8368714285740095,3,61
vehG-5,1468,3.80250000000603,3,62
vehG-6,1482,3.874328571434029,3,63
vehG-7,1510,5.239628571434017,5,64
vehG-0,1524,5.075228571438042,5,65
vehG-1,1536,5.1464857142980565,5,66
vehG-2,1555,5.06250000000402,5,67
vehG-3,1567,5.0221857142960395,5,68
vehG-4,1583,4.035214285718015,4,69
vehG-5,1597,3.9498428571500357,3,70
vehG-6,1614,3.975300000008035,3,71
vehG-7,1684,5.1601714285720055,5,72
vehG-0,1695,4.848085714296045,4,73
vehG-1,1707,4.69022857144206,4,74
vehG-2,1724,5.216614285720026,5,75
vehG-3,1764,5.099028571440043,5,76
vehG-4,1781,5.118857142862021,5,77
vehG-5,1796,4.000071428580043,4,78
vehG-6,1806,3.7653428571520395,3,79
vehG-7,1822,4.407085714288012,4,80
vehG-0,1839,4.754485714298052,4,81
vehG-1,1852,4.356028571446065,4,82
vehG-2,1918,5.137114285716003,5,83
vehG-3,1930,5.110171428584048,5,84
vehG-4,1944,5.104371428578026,5,85
vehG-5,1957,4.618628571438047,4,86
vehG-6,1970,5.206800000010046,5,87
vehG-7,1987,3.945942857146016,3,88
vehG-0,2036,5.0039571428580025,5,89
vehG-1,2049,5.238585714304069,5,90
vehG-2,2062,4.4111571428600085,4,91
vehG-3,2076,3.936314285728054,3,92
vehG-4,2085,4.393285714294033,4,93
vehG-5,2179,4.798071428572004,4,94
vehG-6,2192,4.859142857154049,4,95
vehG-7,2238,5.091000000000004,5,96
vehG-1,2264,4.593842857164077,4,97
vehG-0,2276,5.06940000000201,5,98
vehG-2,2289,5.0321142857180154,5,99
vehG-3,2301,4.827957142872059,4,100
vehG-4,2317,3.962228571438038,3,101
vehG-5,2332,3.9668142857160094,3,102
vehG-6,2393,5.209757142858005,5,103
vehG-7,2405,5.044842857144011,5,104
vehG-1,2418,3.960200000022083,3,105
vehG-0,2473,4.772142857148016,4,106
vehG-2,2486,5.0131714285760225,5,107
vehG-3,2498,4.979114285730063,4,108
vehG-4,2510,5.239371428582042,5,109
vehG-5,2524,4.853742857146012,4,110
vehG-6,2539,4.500000000002013,4,111
vehG-7,2587,5.230757142858003,5,112
vehG-1,2601,4.74654285716609,4,113
vehG-0,2613,4.896600000006026,4,114
vehG-2,2626,4.530128571434029,4,115
vehG-3,2642,3.9244428571600674,3,116
vehG-4,2656,3.8121000000120464,3,117
vehG-5,2670,3.8718000000040185,3,118
vehG-6,2741,4.904700000000006,4,119
vehG-7,2753,4.648285714288009,4,120
vehG-1,2764,5.027300000024096,5,121
vehG-0,2780,4.752428571436031,4,122
vehG-2,2793,4.359685714292035,4,123
vehG-3,2805,5.042885714304072,5,124
vehG-4,2891,5.223985714286004,5,125
vehG-5,2903,4.6467428571480225,4,126
vehG-6,2917,5.184128571430012,5,127
vehG-7,2932,5.156828571432015,5,128
vehG-1,2945,4.1312428571681,4,129
vehG-0,3003,5.113628571430005,5,130
vehG-2,3017,5.062628571436042,5,131
vehG-3,3029,4.772842857162075,4,132
vehG-4,3045,4.92822857143001,4,133
vehG-5,3056,5.212800000006026,5,134
vehG-6,3071,4.668771428574019,4,135
vehG-7,3084,4.74437142857602,4,136
vehG-1,3101,3.890042857170105,3,137
vehG-0,3151,5.1960000000040125,5,138
vehG-2,3165,4.5469285714380465,4,139
vehG-3,3176,5.156671428592079,5,140
vehG-4,3198,5.119285714290014,5,141
vehG-5,3210,5.11054285715003,5,142
vehG-6,3223,5.033914285718024,5,143
vehG-7,3239,5.1914142857200245,5,144
vehG-1,3253,4.027957142888109,4,145
vehG-0,3314,5.1174428571440025,5,146
vehG-2,3330,5.006957142868054,5,147
vehG-3,3344,5.239300000022086,5,148
vehG-4,3357,5.16852857143402,5,149
vehG-5,3369,4.834800000008037,4,150
vehG-6,3421,5.018100000000005,5,151
vehG-7,3432,5.1862714285780305,5,152
vehG-1,3443,4.999614285746114,5,153
vehG-0,3459,4.5834857142880105,4,154
vehG-2,3471,5.0862000000120595,5,155
vehG-3,3530,5.0343000000000035,5,156
vehG-4,3546,5.048657142864026,5,157
vehG-5,3561,4.436142857152043,4,158
vehG-6,3574,4.117242857144012,4,159
vehG-7,3610,5.089800000008036,5,160
vehG-1,3624,4.3093571428901205,4,161
vehG-0,3641,4.196142857146018,4,162
vehG-2,3661,3.751242857156064,3,163
vehG-3,3674,3.8209285714300085,3,164
vehG-4,3689,3.8400000000080308,3,165
vehG-5,3705,3.9393000000100473,3,166
vehG-6,3719,3.7719000000020166,3,167
vehG-7,3740,3.878742857152039,3,168
vehG-1,3772,5.167285714286004,5,169
vehG-0,3785,4.762800000004024,4,170
vehG-2,3804,4.7491714285860684,4,171
vehG-3,3820,3.7071857142880127,3,172
vehG-4,3840,3.845442857152034,3,173
vehG-5,3858,3.9294428571540507,3,174
vehG-6,3873,3.8153571428600213,3,175
vehG-7,3886,3.711685714296042,3,176
vehG-1,3898,3.7690285714300087,3,177
vehG-0,3922,4.513500000000007,4,178
vehG-2,3954,5.011071428572004,5,179
vehG-3,3967,4.998042857146017,4,180
vehG-4,3984,5.130257142868039,5,181
vehG-5,3996,4.7733857142980565,4,182
vehG-6,4008,3.7083000000040265,3,183
vehG-7,4023,3.734228571440049,3,184
vehG-1,4037,3.9396857142880135,3,185
vehG-0,4062,3.7825714285740126,3,186
vehG-2,4084,3.91555714286001,3,187
vehG-3,4103,3.994371428576022,3,188
vehG-4,4124,3.891771428584044,3,189
vehG-5,4137,3.0786428571580613,3,190
vehG-6,4153,3.6894428571480304,3,191
vehG-7,4166,3.7291714285840527,3,192
vehG-1,4185,3.964457142862015,3,193
vehG-0,4226,5.1501000000000055,5,194
vehG-2,4244,4.898014285720015,4,195
vehG-3,4258,4.926514285720026,4,196
vehG-4,4270,4.9988142857280495,4,197
vehG-5,4283,5.218500000016064,5,198
vehG-6,4374,5.078185714286003,5,199
vehG-7,4388,5.152028571442058,5,200
vehG-1,4435,5.050500000000003,5,201
vehG-5,4446,5.013342857160068,5,202
vehG-0,4459,4.39414285714401,4,203
vehG-2,4472,4.752857142864023,4,204
vehG-3,4485,4.443471428578033,4,205
vehG-4,4499,4.225242857158058,4,206
vehG-6,4552,5.194628571430007,5,207
vehG-7,4564,4.817271428586063,4,208
vehG-1,4579,4.294457142858012,4,209
vehG-5,4594,4.115700000018075,4,210
vehG-0,4605,3.7834714285740167,3,211
vehG-2,4652,5.027485714294028,5,212
vehG-3,4669,5.102528571436039,5,213
vehG-4,4680,5.162185714302064,5,214
vehG-6,4695,5.094257142860014,5,215
vehG-7,4711,4.272128571444071,4,216
vehG-1,4723,4.448914285716021,4,217
vehG-5,4740,3.7931571428760797,3,218
vehG-0,4805,5.045700000000004,5,219
vehG-2,4816,5.124342857152032,5,220
vehG-3,4831,5.062671428580047,5,221
vehG-4,4845,5.152414285732071,5,222
vehG-6,4891,5.099614285718017,5,223
vehG-7,4905,5.222871428588078,5,224
vehG-1,4918,3.7124571428600275,3,225
vehG-5,4935,3.7637142857340846,3,226
vehG-0,4948,3.771257142858011,3,227
vehG-2,4962,4.1236285714400385,4,228
vehG-3,4982,5.222228571440052,5,229
vehG-4,4996,5.005671428592076,5,230
vehG-6,5010,4.6873285714340245,4,231
vehG-7,5064,5.096785714286003,5,232
vehG-1,5075,5.088857142862031,5,233
vehG-5,5088,5.07317142859209,5,234
vehG-0,5101,4.367914285716016,4,235
vehG-2,5117,4.303285714298044,4,236
vehG-3,5132,3.9694285714420596,3,237
vehG-4,5190,5.200671428572005,5,238
vehG-6,5201,4.684585714292029,4,239
vehG-7,5215,4.78161428571601,4,240
vehG-1,5229,3.873514285720036,3,241
vehG-5,5242,3.732514285736098,3,242
vehG-0,5294,5.005157142860022,5,243
vehG-2,5309,5.059628571442051,5,244
vehG-3,5323,5.083071428586066,5,245
vehG-4,5336,4.138800000002011,4,246
vehG-6,5350,4.452728571436036,4,247
vehG-7,5369,3.691971428574015,3,248
vehG-1,5385,3.7874571428640422,3,249
vehG-5,5435,5.1751714285981025,5,250
vehG-0,5460,3.932100000006027,3,251
vehG-2,5471,4.5709714285860565,4,252
vehG-3,5485,4.38000000001607,4,253
vehG-4,5498,4.427657142860016,4,254
vehG-6,5525,5.1915857142860045,5,255
vehG-7,5537,5.09292857143202,5,256
vehG-1,5551,5.021700000008047,5,257
vehG-5,5563,4.5731142857421085,4,258
vehG-0,5578,4.2668142857220355,4,259
vehG-2,5596,3.6968142857300617,3,260
vehG-3,5610,3.8493428571600745,3,261
vehG-4,5624,3.841714285718022,3,262
vehG-6,5638,3.9460714285740117,3,263
vehG-7,5693,5.001085714292023,5,264
vehG-1,5705,5.010942857152051,5,265
vehG-5,5723,4.982871428602112,4,266
vehG-0,5739,5.205728571438039,5,267
vehG-2,5752,5.0339571428740655,5,268
vehG-3,5765,4.588157142876078,4,269
vehG-4,5780,4.109742857148028,4,270
vehG-6,5846,5.157000000006014,5,271
vehG-7,5860,5.240014285722028,5,272
vehG-1,5871,5.024485714296053,5,273
vehG-5,5885,4.788128571460119,4,274
vehG-0,5897,5.237785714296045,5,275
vehG-2,5909,4.513800000018069,4,276
vehG-3,5956,5.118685714286003,5,277
vehG-4,5974,5.113371428578033,5,278
vehG-6,5985,4.584942857150021,4,279
vehG-7,5997,4.9109571428660335,4,280
vehG-1,6008,5.0704285714400585,5,281
vehG-5,6020,4.852585714318126,4,282
vehG-0,6035,3.8996142857260514,3,283
vehG-2,6056,3.9666000000200734,3,284
vehG-3,6123,4.897242857144003,4,285
vehG-4,6137,4.817785714294038,4,286
vehG-6,6150,4.255885714294028,4,287
vehG-7,6164,3.9315857142960393,3,288
vehG-1,6203,5.196857142870062,5,289
vehG-5,6219,5.099614285748132,5,290
vehG-0,6232,4.882757142870056,4,291
vehG-2,6244,4.374642857164077,4,292
vehG-3,6259,4.36328571428801,4,293
vehG-4,6277,3.771042857152044,3,294
vehG-6,6297,3.690428571438032,3,295
vehG-7,6318,3.894214285726042,3,296
vehG-1,6333,3.8283428571580655,3,297
vehG-5,6364,4.506814285750137,4,298
vehG-0,6378,4.896300000014065,4,299
vehG-2,6387,4.890385714308082,4,300
vehG-3,6407,5.241771428576016,5,301
vehG-4,6422,4.06624285715405,4,302
vehG-6,6436,3.698742857156037,3,303
vehG-7,6483,5.013385714286005,5,304
vehG-1,6495,5.15177142858807,5,305
vehG-5,6512,4.029128571466144,4,306
vehG-0,6527,3.7168285714440703,3,307
vehG-2,6541,3.7233000000240875,3,308
vehG-4,6585,5.148642857156056,5,309
vehG-3,6621,5.0667000000000035,5,310
vehG-6,6634,4.902900000014042,4,311
vehG-7,6648,4.37172857143001,4,312
vehG-1,6660,4.365728571446075,4,313
vehG-5,6695,5.065928571430004,5,314
vehG-0,6710,5.089671428588074,5,315
vehG-2,6730,5.2143428571680905,5,316
vehG-4,6744,4.989600000014062,4,317
vehG-3,6757,4.689042857144009,4,318
vehG-6,6772,4.194042857158049,4,319
vehG-7,6784,5.008971428574018,5,320
vehG-1,6797,4.260085714304084,4,321
vehG-5,6817,3.97307142857401,3,322
vehG-0,6837,3.80215714287608,3,323
vehG-2,6900,5.013385714286006,5,324
vehG-4,6912,4.903628571444069,4,325
vehG-3,6925,4.873757142860017,4,326
vehG-6,6937,4.4965285714460554,4,327
vehG-7,7054,4.779128571430004,4,328
vehG-1,7067,5.062628571448088,5,329
vehG-5,7078,5.1911142857180135,5,330
vehG-3,7111,5.143671428576021,5,331
vehG-0,7125,5.012100000020083,5,332
vehG-2,7137,5.07784285714401,5,333
vehG-4,7148,5.162485714302075,5,334
vehG-6,7162,4.537671428590061,4,335
vehG-7,7181,3.8829857142880106,3,336
vehG-1,7196,3.729085714306094,3,337
vehG-5,7210,3.7786285714340186,3,338
vehG-3,7273,5.175385714286003,5,339
vehG-0,7286,4.9318285714500885,4,340
vehG-2,7299,4.190871428574016,4,341
vehG-4,7319,3.9537428571600817,3,342
vehG-6,7335,3.799628571448067,3,343
vehG-7,7348,3.743528571432016,3,344
vehG-1,7398,5.1648857142860045,5,345
vehG-5,7412,5.020885714292023,5,346
vehG-3,7429,4.56818571428801,4,347
vehG-0,7442,4.1514857143080945,4,348
vehG-2,7455,4.345414285718021,4,349
vehG-4,7471,4.920085714304087,4,350
vehG-6,7483,3.9516857143060724,3,351
vehG-7,7496,3.809614285720021,3,352
vehG-1,7516,3.83280000000401,3,353
vehG-5,7610,5.104885714286005,5,354
vehG-3,7622,5.0954142857180145,5,355
vehG-0,7636,5.092714285738101,5,356
vehG-2,7649,4.780071428576026,4,357
vehG-4,7723,4.608385714286005,4,358
vehG-6,7737,4.527428571450078,4,359
vehG-7,7750,4.782171428578027,4,360
vehG-1,7761,5.031257142862015,5,361
vehG-5,7774,5.162228571430011,5,362
vehG-3,7791,5.085042857148022,5,363
vehG-0,7857,5.090871428598105,5,364
vehG-2,7869,5.1419142857200315,5,365
vehG-4,7881,5.02684285714401,5,366
vehG-6,7895,5.200371428594083,5,367
vehG-7,7944,5.224071428572003,5,368
vehG-1,7957,5.21820000000602,5,369
vehG-5,7971,5.111871428574015,5,370
vehG-3,7984,5.1447000000060275,5,371
vehG-0,7998,4.680728571456113,4,372
vehG-2,8009,4.765157142864037,4,373
vehG-4,8027,3.9015000000020166,3,374
vehG-6,8079,5.219700000024088,5,375
vehG-1,8092,5.1078428571500245,5,376
vehG-7,8105,5.06172857143001,5,377
vehG-5,8120,4.668000000004021,4,378
vehG-3,8134,5.037642857150033,5,379
vehG-0,8149,4.89295714288612,4,380
vehG-2,8163,3.797100000008043,3,381
vehG-4,8224,5.170671428572004,5,382
vehG-6,8238,5.169342857168095,5,383
vehG-1,8253,3.99060000000803,3,384
vehG-7,8266,4.825071428574018,4,385
vehG-5,8279,3.848057142862027,3,386
vehG-3,8292,4.067185714294039,4,387
vehG-0,8310,3.7653857143161265,3,388
vehG-2,8368,5.142985714286006,5,389
vehG-4,8379,4.3151142857160085,4,390
vehG-6,8394,4.0879714285981015,4,391
vehG-1,8412,5.223000000010038,5,392
vehG-7,8504,5.213700000002004,5,393
vehG-5,8520,5.0160000000060325,5,394
vehG-3,8541,4.504285714296042,4,395
vehG-0,8556,4.3525285714601285,4,396
vehG-2,8593,5.021571428572004,5,397
vehG-4,8605,5.061857142860014,5,398
vehG-6,8622,4.14051428574211,4,399
vehG-1,8637,3.9180428571540435,3,400
vehG-7,8648,3.7992428571460133,3,401
vehG-5,8665,3.842142857150039,3,402
vehG-3,8679,3.7254000000120504,3,403
vehG-0,8718,5.177785714320134,5,404
vehG-2,8731,5.121814285716009,5,405
vehG-4,8743,4.1172000000040185,4,406
vehG-6,8756,5.077457142886117,5,407
vehG-1,8773,3.8605714285840493,3,408
vehG-7,8813,5.218285714286005,5,409
vehG-5,8825,5.119285714294043,5,410
vehG-3,8838,4.040957142870057,4,411
vehG-0,8856,3.969214285750139,3,412
vehG-2,8871,3.764957142860016,3,413
vehG-4,8925,5.0653714285720035,5,414
vehG-6,8944,4.759457142888123,4,415
vehG-1,8956,3.855514285728053,3,416
vehG-7,8970,4.39842857143001,4,417
vehG-5,8986,3.960642857152049,3,418
vehG-3,9006,3.6819000000140614,3,419
vehG-0,9041,4.912800000000004,4,420
vehG-2,9052,5.009614285718018,5,421
vehG-4,9067,3.948128571430009,3,422
vehG-6,9084,3.9444000000321298,3,423
vehG-1,9102,3.881014285730058,3,424
vehG-7,9121,3.9916714285740147,3,425
vehG-5,9140,3.7644857142960513,3,426
vehG-3,9154,3.760157142874064,3,427
vehG-0,9182,4.8902142857160085,4,428
vehG-2,9197,4.459457142862023,4,429
vehG-4,9210,4.997057142860014,4,430
vehG-6,9225,4.782642857176135,4,431
vehG-1,9241,3.841157142874061,3,432
vehG-7,9258,3.9681000000040196,3,433
vehG-5,9271,3.9075428571540565,3,434
vehG-3,9324,5.161585714286003,5,435
vehG-0,9339,5.037728571432013,5,436
vehG-2,9353,4.989085714292031,4,437
vehG-4,9367,3.8718000000040202,3,438
vehG-6,9386,3.8808000000341405,3,439
vehG-1,9402,3.7779857143040676,3,440
vehG-7,9416,3.841542857148024,3,441
vehG-5,9429,3.7790571428720616,3,442
vehG-3,9460,4.528114285716007,4,443
vehG-0,9474,5.05804285714802,5,444
vehG-2,9494,5.000785714294037,5,445
vehG-4,9505,5.003142857148023,5,446
vehG-6,9520,5.180828571464145,5,447
vehG-1,9574,5.22060000002007,5,448
vehG-7,9589,5.2225714285780285,5,449
vehG-5,9601,5.088514285730065,5,450
vehG-3,9616,4.724228571432013,4,451
vehG-0,9632,3.7974857142920255,3,452
vehG-2,9653,4.558328571438042,4,453
vehG-4,9690,5.062542857144006,5,454
vehG-6,9702,5.159571428608149,5,455
vehG-1,9715,4.567542857164076,4,456
vehG-7,9729,4.583314285722034,4,457
vehG-5,9748,5.045914285732072,5,458
vehG-3,9760,5.1970714285760184,5,459
vehG-0,9775,3.764742857150029,3,460
vehG-2,9803,5.133385714286004,5,461
vehG-6,9834,4.6823142857521525,4,462
vehG-4,9870,5.060657142858004,5,463
vehG-1,9884,4.720757142880082,4,464
vehG-7,9959,4.869985714286003,4,465
vehG-5,9972,4.281857142876077,4,466
vehG-3,9988,5.009014285720026,5,467
vehG-0,10002,5.145685714294034,5,468
vehG-2,10014,4.612242857144009,4,469
vehG-6,10029,4.305557142896158,4,470
vehG-4,10084,5.175385714286003,5,471
vehG-1,10100,4.465414285738088,4,472
vehG-7,10116,5.068242857144008,5,473
vehG-5,10130,4.5012000000200825,4,474
vehG-3,10149,3.79697142857803,3,475
vehG-0,10163,3.85825714286804,3,476
vehG-2,10182,3.749571428574013,3,477
vehG-6,10226,5.024442857144005,5,478
vehG-4,10238,4.876414285716007,4,479
vehG-1,10260,5.169985714312091,5,480
vehG-7,10272,5.06550000000201,5,481
vehG-5,10286,4.507628571450086,4,482
vehG-3,10304,3.8934000000100344,3,483
vehG-0,10319,3.844328571444044,3,484
vehG-2,10344,5.142728571430003,5,485
vehG-6,10357,5.0784857142880115,5,486
vehG-4,10368,4.96144285714601,4,487
vehG-1,10387,3.844628571456094,3,488
vehG-7,10425,5.1019285714320155,5,489
vehG-5,10463,5.00211428573809,5,490
vehG-3,10474,5.079042857154038,5,491
vehG-0,10490,3.883071428588047,3,492
vehG-2,10509,3.7096714285740084,3,493
vehG-6,10524,3.779228571432018,3,494
vehG-4,10539,3.9309857142900153,3,495
vehG-1,10560,3.7918714286000963,3,496
vehG-7,10581,3.795900000006019,3,497
vehG-5,10599,3.980914285742091,3,498
vehG-3,10615,3.2159571428700384,3,499
vehG-0,10641,5.071071428572004,5,500
vehG-2,10656,4.521214285718013,4,501
vehG-6,10670,3.9408857142900224,3,502
vehG-4,10683,3.7915285714340206,3,503
vehG-1,10743,4.643100000000004,4,504
vehG-7,10755,5.083457142864024,5,505
vehG-5,10767,4.5938571428860975,4,506
vehG-3,10779,4.525328571442042,4,507
vehG-0,10793,5.14932857143001,5,508
vehG-2,10809,4.27290000000602,4,509
vehG-6,10821,3.7715142857200297,3,510
vehG-4,10838,4.470728571438025,4,511
vehG-1,10879,5.120571428574008,5,512
vehG-7,10892,4.125985714294028,4,513
vehG-5,10910,4.363971428602104,4,514
vehG-3,10925,3.718371428586047,3,515
vehG-0,10945,3.7416428571460143,3,516
vehG-2,10961,3.7656428571500244,3,517
vehG-6,10990,4.914857142858004,4,518
vehG-4,11042,5.2125857142860035,5,519
vehG-1,11055,4.9593000000040135,4,520
vehG-7,11067,4.726114285724034,4,521
vehG-5,11079,4.272214285746109,4,522
vehG-3,11091,4.916828571444053,4,523
vehG-0,11106,4.59038571429002,4,524
vehG-2,11156,4.94087142858003,4,525
vehG-6,11167,4.83351428571601,4,526
vehG-4,11180,4.85922857143001,4,527
vehG-1,11193,3.95224285714802,3,528
vehG-7,11212,3.760371428582042,3,529
vehG-5,11227,3.7577571428901164,3,530
vehG-3,11244,3.683957142874057,3,531
vehG-0,11329,5.153442857146006,5,532
vehG-2,11340,4.0424142857240355,4,533
vehG-6,11353,5.147657142860016,5,534
vehG-4,11400,5.068671428572004,5,535
vehG-1,11414,5.238471428578023,5,536
vehG-7,11431,5.025600000012048,5,537
vehG-5,11450,4.682357142892121,4,538
vehG-3,11512,5.159100000000001,5,539
vehG-0,11528,5.19557142857601,5,540
vehG-2,11544,5.1003428571540415,5,541
vehG-6,11554,5.0802000000040195,5,542
vehG-4,11610,5.0667000000000035,5,543
vehG-1,11623,5.098028571436029,5,544
vehG-7,11636,5.096742857156053,5,545
vehG-5,11650,3.932100000036127,3,546
vehG-3,11665,3.684557142858009,3,547
vehG-0,11681,3.990300000006016,3,548
vehG-2,11696,3.754885714298047,3,549
vehG-6,11748,4.823700000000006,4,550
vehG-4,11759,5.112557142858009,5,551
vehG-1,11772,5.195871428580035,5,552
vehG-7,11786,5.073085714300059,5,553
vehG-5,11800,4.747028571466131,4,554
vehG-3,11880,4.6846714285720035,4,555
vehG-0,11893,4.43644285715002,4,556
vehG-2,11913,5.012014285728052,5,557
vehG-6,11949,5.102571428572002,5,558
vehG-4,11962,5.093700000002015,5,559
vehG-1,11973,5.23602857143804,5,560
vehG-7,11986,3.9907285714440657,3,561
vehG-5,12005,4.021542857182136,4,562
vehG-3,12019,3.855728571430009,3,563
vehG-0,12040,3.856842857152027,3,564
vehG-2,12061,3.930214285730057,3,565
vehG-6,12077,3.7134857142880078,3,566
vehG-4,12115,4.831542857144003,4,567
vehG-1,12127,4.726457142868045,4,568
vehG-7,12143,4.503557142874069,4,569
vehG-5,12158,5.0889857143261406,5,570
vehG-3,12171,4.833171428574015,4,571
vehG-0,12184,3.8574857142960317,3,572
vehG-2,12199,4.093842857160063,4,573
vehG-6,12217,3.9442285714320127,3,574
vehG-4,12237,4.717714285718007,4,575
vehG-1,12255,4.252671428584052,4,576
vehG-7,12286,4.650085714304077,4,577
vehG-5,12299,4.833728571470147,4,578
vehG-3,12311,4.283100000004019,4,579
vehG-0,12326,4.442228571440038,4,580
vehG-2,12339,3.722871428590069,3,581
vehG-6,12390,4.5045000000060185,4,582
vehG-4,12405,3.800657142862013,3,583
vehG-1,12417,4.174714285728057,4,584
vehG-7,12431,3.766842857162084,3,585
vehG-5,12445,3.707485714328153,3,586
vehG-3,12461,3.7592142857200255,3,587
vehG-0,12501,5.196042857144002,5,588
vehG-2,12514,5.029928571448072,5,589
vehG-6,12527,5.125028571436026,5,590
vehG-4,12539,4.84611428572002,4,591
vehG-1,12556,3.949542857158062,3,592
vehG-7,12576,3.9303857143060865,3,593
vehG-5,12591,3.9612000000441583,3,594
vehG-3,12605,3.8093571428640303,3,595
vehG-0,12619,3.7139571428620073,3,596
vehG-2,12640,3.862928571450076,3,597
vehG-6,12665,4.807542857152031,4,598
vehG-4,12679,3.9810428571500265,3,599
vehG-1,12695,4.268142857160069,4,600
vehG-7,12709,3.860528571450092,3,601
vehG-5,12728,3.812314285760163,3,602
vehG-3,12741,3.845785714294035,3,603
vehG-0,12757,3.711214285720012,3,604
vehG-2,12773,3.8597571428820796,3,605
vehG-6,12812,5.236800000000004,5,606
vehG-4,12826,4.9141714285800315,4,607
vehG-1,12838,4.854385714304074,4,608
vehG-7,12857,4.6522285714520955,4,609
vehG-5,12869,5.187557142904166,5,610
vehG-3,12925,5.129185714286004,5,611
vehG-0,12938,4.8019714285780175,4,612
vehG-2,12950,5.016385714312084,5,613
vehG-6,12971,5.02170000000201,5,614
vehG-4,12983,4.016528571438037,4,615
vehG-1,13001,3.776314285734081,3,616
vehG-7,13017,3.7943142857401018,3,617
vehG-5,13058,4.602600000000005,4,618
vehG-3,13069,5.121728571430007,5,619
vehG-0,13083,4.765414285722022,4,620
vehG-2,13105,5.015185714314091,5,621
vehG-6,13116,4.414757142860016,4,622
vehG-4,13129,4.5781285714400415,4,623
vehG-1,13161,5.000571428572003,5,624
vehG-7,13187,5.242542857170106,5,625
vehG-5,13200,4.47364285714401,4,626
vehG-3,13214,5.1628714285740145,5,627
vehG-0,13226,5.086671428580027,5,628
vehG-2,13238,4.280700000030099,4,629
vehG-6,13290,5.0391857142900225,5,630
vehG-4,13302,4.602085714298048,4,631
vehG-1,13312,4.903028571430009,4,632
vehG-7,13327,5.041671428600112,5,633
