id,tick,speed(float),speed(discrete),Tot v
vehG-0,39,4.7967714285740035,4,1
vehG-1,88,4.731357142858001,4,2
vehG-0,99,4.926028571432006,4,3
vehG-1,112,5.136357142858004,5,4
vehG-0,124,4.764028571432011,4,5
vehG-1,136,5.055357142858008,5,6
vehG-0,174,5.027814285720015,5,7
vehG-1,202,5.058600000000001,5,8
vehG-0,215,4.7335571428640195,4,9
vehG-1,230,4.433485714286006,4,10
vehG-0,242,4.652557142864025,4,11
vehG-1,254,5.081485714286009,5,12
vehG-0,266,5.138557142864031,5,13
vehG-1,278,4.5954857142860135,4,14
