id,tick,speed(float),speed(discrete),Tot v
vg1-0,135,5.1739142857160125,5,1
vg1-1,148,4.881385714286016,4,2
vg1-2,164,4.572485714286015,4,3
vg1-3,181,4.071500000000018,4,4
vg1-4,197,4.237785714286017,4,5
vg1-5,209,4.5496000000000185,4,6
vg1-6,222,5.14660000000002,5,7
vg1-7,234,4.980900000000019,4,8
vg1-8,245,5.235300000000016,5,9
vg1-0,256,4.456314285716027,4,10
vg1-1,272,4.186671428572031,4,11
vg1-2,285,4.248485714286029,4,12
vg1-3,304,5.066385714286034,5,13
vg1-4,317,4.897185714286029,4,14
vg1-5,330,5.22040000000003,5,15
vg1-6,348,5.04220000000004,5,16
vg1-7,360,5.18910000000004,5,17
vg1-8,372,5.084700000000037,5,18
vg1-0,388,5.068657142860045,5,19
vg1-1,400,5.158157142858052,5,20
vg1-2,419,5.08085714285805,5,21
vg1-3,430,4.267785714286051,4,22
vg1-4,444,4.318185714286045,4,23
vg1-5,456,5.15080000000005,5,24
vg1-6,473,5.018885714286059,5,25
vg1-7,486,3.6496714285720557,3,26
vg1-8,499,4.609585714286053,4,27
vg1-0,509,4.304857142860059,4,28
vg1-1,530,4.173814285716069,4,29
vg1-2,544,3.6804571428580655,3,30
vg1-3,557,5.05438571428607,5,31
vg1-4,568,5.023785714286062,5,32
vg1-5,581,3.877600000000066,3,33
vg1-6,596,4.694885714286077,4,34
vg1-7,608,5.038071428572072,5,35
vg1-8,622,5.164671428572069,5,36
vg1-0,634,5.137657142860073,5,37
vg1-1,656,5.029671428574085,5,38
vg1-2,668,4.918257142858083,4,39
vg1-3,680,5.054385714286088,5,40
vg1-4,693,5.069471428572073,5,41
vg1-5,709,5.11488571428608,5,42
vg1-6,720,4.844885714286091,4,43
vg1-7,740,5.234271428572093,5,44
vg1-8,750,5.1412714285720895,5,45
vg1-0,761,5.068057142860094,5,46
vg1-1,782,5.1220714285741025,5,47
vg1-2,793,4.651857142858103,4,48
vg1-3,805,4.730385714286109,4,49
vg1-4,817,5.080871428572092,5,50
vg1-5,831,5.021885714286092,5,51
vg1-6,842,5.215085714286106,5,52
vg1-7,860,4.343271428572109,4,53
vg1-8,877,5.163728571430104,5,54
vg1-0,891,5.079028571432112,5,55
vg1-1,905,5.2030714285741215,5,56
vg1-2,916,5.18405714285812,5,57
vg1-3,926,5.135385714286127,5,58
vg1-4,940,5.046071428572111,5,59
vg1-5,954,4.547285714286108,4,60
vg1-6,967,4.427885714286121,4,61
vg1-7,982,5.037471428572125,5,62
vg1-8,997,4.920728571430118,4,63
vg1-0,1013,5.055628571432127,5,64
vg1-1,1025,4.879071428574136,4,65
vg1-2,1039,5.241657142858136,5,66
vg1-3,1054,5.007585714286145,5,67
vg1-4,1067,5.230957142858129,5,68
vg1-5,1080,4.940371428572127,4,69
vg1-6,1095,5.040657142858139,5,70
vg1-7,1106,5.129871428572142,5,71
vg1-8,1119,5.163728571430136,5,72
vg1-0,1135,5.217628571432144,5,73
vg1-1,1146,4.717071428574151,4,74
vg1-2,1157,5.160657142858151,5,75
vg1-3,1173,4.7645857142861585,4,76
vg1-4,1185,4.987957142858141,4,77
vg1-5,1202,5.021371428572144,5,78
vg1-6,1214,5.005857142858151,5,79
vg1-7,1226,4.805871428572158,4,80
vg1-8,1239,4.27272857143015,4,81
vg1-0,1255,5.1366285714321585,5,82
vg1-1,1265,5.203071428574164,5,83
vg1-2,1277,4.7556571428581655,4,84
vg1-3,1291,5.088585714286171,5,85
vg1-4,1302,4.744957142858151,4,86
vg1-5,1325,5.1714571428581575,5,87
vg1-6,1340,4.600257142858165,4,88
vg1-7,1353,5.0021571428581755,5,89
vg1-8,1365,5.1637285714301715,5,90
vg1-0,1376,4.893628571432174,4,91
vg1-1,1392,4.612671428574183,4,92
vg1-2,1402,4.639857142858187,4,93
vg1-3,1415,4.6025857142861915,4,94
vg1-4,1427,4.67535714285817,4,95
vg1-5,1443,5.17145714285817,5,96
vg1-6,1461,4.681257142858181,4,97
vg1-7,1476,4.978757142858192,4,98
vg1-8,1489,5.1751285714301885,5,99
vg1-0,1500,4.75451428571819,4,100
vg1-1,1515,5.2258714285742,5,101
vg1-2,1531,4.361542857144203,4,102
