id,tick,speed(float),speed(discrete),Tot v
vehG-0,162,4.595000000000001,4,1
vehG-1,176,4.676,4,2
vehG-2,193,4.687400000000004,4,3
vehG-3,222,3.055057142860002,3,4
vehG-4,232,4.138314285716001,4,5
vehG-5,244,4.651400000002004,4,6
vehG-6,254,4.827028571430007,4,7
vehG-7,302,4.838000000000001,4,8
vehG-8,313,4.9190000000000005,4,9
vehG-0,327,5.0,5,10
vehG-1,340,4.074200000000001,4,11
vehG-2,353,5.0,5,12
vehG-3,373,5.0,5,13
vehG-4,441,4.803200000000004,4,14
vehG-5,488,5.0,5,15
vehG-6,500,4.190000000000001,4,16
vehG-7,512,3.0652571428580004,3,17
vehG-8,523,3.7263714285720013,3,18
vehG-0,539,4.654757142864012,4,19
vehG-1,550,4.119285714286004,4,20
vehG-2,561,3.842171428572002,3,21
vehG-3,584,4.595000000000001,4,22
vehG-4,599,5.0,5,23
vehG-5,618,5.0,5,24
vehG-6,648,5.0,5,25
vehG-7,718,4.676,4,26
vehG-8,736,4.838000000000001,4,27
vehG-0,747,5.0,5,28
vehG-1,755,5.0,5,29
vehG-2,782,5.0,5,30
