id,tick,speed(float),speed(discrete),Tot v
vehG-0,44,5.185885714286004,5,1
vehG-0,89,5.021142857144008,5,2
vehG-0,112,4.77814285714401,4,3
vehG-0,137,5.021142857144014,5,4
vehG-0,191,4.694057142860019,4,5
vehG-0,216,5.180057142860023,5,6
vehG-0,239,4.289057142860025,4,7
vehG-0,267,4.9599428571460304,4,8
vehG-0,293,5.040942857146035,5,9
vehG-0,316,5.202942857146038,5,10
vehG-0,341,5.202942857146041,5,11
vehG-0,365,5.202942857146045,5,12
vehG-0,392,5.121942857146051,5,13
vehG-0,440,5.056800000004054,5,14
vehG-0,465,5.137800000004057,5,15
vehG-0,488,4.489800000004059,4,16
vehG-0,544,5.086542857148062,5,17
vehG-0,567,4.924542857148063,4,18
vehG-0,590,5.005542857148065,5,19
vehG-0,614,4.762542857148068,4,20
vehG-0,649,5.213485714292072,5,21
vehG-0,671,5.132485714292073,5,22
vehG-0,696,4.889485714292076,4,23
vehG-0,721,5.05148571429208,5,24
vehG-0,745,5.213485714292083,5,25
vehG-0,792,5.064942857150086,5,26
vehG-0,817,4.902942857150091,4,27
vehG-0,840,5.064942857150092,5,28
vehG-0,864,4.902942857150094,4,29
vehG-0,896,4.520400000008099,4,30
vehG-0,927,5.017457142866104,5,31
vehG-0,952,5.017457142866108,5,32
vehG-0,976,4.450457142866111,4,33
vehG-0,1030,4.0923000000101135,4,34
vehG-0,1054,5.145300000010116,5,35
vehG-0,1078,4.7403000000101185,4,36
vehG-0,1103,4.578300000010123,4,37
vehG-0,1158,5.002542857154127,5,38
vehG-0,1183,5.083542857154132,5,39
vehG-0,1206,5.164542857154133,5,40
vehG-0,1229,5.164542857154135,5,41
vehG-0,1253,5.002542857154138,5,42
vehG-0,1282,5.175942857154141,5,43
vehG-0,1304,5.013942857154142,5,44
vehG-0,1328,4.6899428571541435,4,45
vehG-0,1352,5.175942857154148,5,46
vehG-0,1403,4.735457142870151,4,47
vehG-0,1426,5.140457142870152,5,48
vehG-0,1454,4.723542857156156,4,49
vehG-0,1478,4.8855428571561585,4,50
vehG-0,1514,4.399200000014162,4,51
vehG-0,1539,4.966200000014165,4,52
vehG-0,1562,4.723200000014167,4,53
vehG-0,1587,5.209200000014171,5,54
vehG-0,1609,5.128200000014171,5,55
vehG-0,1654,5.116028571444175,5,56
vehG-0,1677,5.116028571444176,5,57
vehG-0,1703,5.00022857144418,5,58
vehG-0,1729,5.208428571444185,5,59
vehG-0,1785,5.166171428588188,5,60
vehG-0,1808,4.84217142858819,4,61
vehG-0,1832,4.7611714285881925,4,62
vehG-0,1883,4.413514285732196,4,63
vehG-0,1907,5.0615142857321995,5,64
vehG-0,1931,4.899514285732202,4,65
vehG-0,1955,5.142514285732204,5,66
vehG-0,2004,5.0749714285902074,5,67
vehG-0,2028,5.1559714285902105,5,68
vehG-0,2051,5.236971428590212,5,69
vehG-0,2095,4.898228571450215,4,70
vehG-0,2119,5.060228571450217,5,71
vehG-0,2142,5.22222857145022,5,72
vehG-0,2169,4.712914285736224,4,73
vehG-0,2197,3.706114285736229,3,74
vehG-0,2223,5.1755142857362335,5,75
vehG-0,2246,5.094514285736236,5,76
vehG-0,2271,4.7705142857362395,4,77
vehG-0,2299,4.758600000022243,4,78
vehG-0,2356,4.4349000000000025,4,79
vehG-0,2384,4.7589000000000095,4,80
vehG-0,2407,5.082900000000011,5,81
vehG-0,2464,5.206800000000002,5,82
vehG-0,2490,5.0910000000000055,5,83
vehG-0,2514,5.091000000000009,5,84
vehG-0,2566,4.396200000002011,4,85
vehG-0,2590,5.125200000002014,5,86
vehG-0,2614,5.206200000002017,5,87
vehG-0,2638,5.125200000002019,5,88
vehG-0,2683,5.110285714290023,5,89
vehG-0,2706,5.110285714290025,5,90
vehG-0,2729,5.110285714290026,5,91
vehG-0,2752,5.191285714290028,5,92
vehG-0,2776,5.0292857142900305,5,93
vehG-0,2817,5.016128571434034,5,94
vehG-0,2841,5.178128571434036,5,95
vehG-0,2864,5.178128571434038,5,96
vehG-0,2887,4.368128571434039,4,97
vehG-0,2945,4.057328571436043,4,98
vehG-0,2970,5.191328571436049,5,99
vehG-0,2994,5.029328571436052,5,100
vehG-0,3060,5.013771428580055,5,101
vehG-0,3084,5.013771428580059,5,102
vehG-0,3109,4.446771428580062,4,103
vehG-0,3137,5.106171428580068,5,104
vehG-0,3162,5.025171428580072,5,105
vehG-0,3186,5.106171428580075,5,106
vehG-0,3209,5.0251714285800775,5,107
vehG-0,3234,5.187171428580082,5,108
vehG-0,3293,5.092157142858001,5,109
vehG-0,3317,5.0111571428580035,5,110
vehG-0,3342,5.092157142858008,5,111
vehG-0,3375,4.941300000002012,4,112
vehG-0,3399,5.022300000002015,5,113
vehG-0,3422,5.184300000002017,5,114
