id,tick,speed(float),speed(discrete),Tot v
vehG-0,29,4.9036000000000035,4,1
vehG-0,54,5.227600000000007,5,2
vehG-0,102,5.03637142857401,5,3
vehG-0,129,5.047771428574014,5,4
vehG-0,152,5.128771428574015,5,5
vehG-0,175,5.047771428574017,5,6
vehG-0,200,5.047771428574021,5,7
vehG-0,226,4.573171428574027,4,8
vehG-0,302,5.228357142858003,5,9
vehG-0,326,4.904357142858005,4,10
vehG-0,349,5.1473571428580085,5,11
vehG-0,420,4.779085714290013,4,12
vehG-0,445,4.779085714290017,4,13
vehG-0,469,5.10308571429002,5,14
vehG-0,539,4.431428571434023,4,15
vehG-0,563,5.160428571434026,5,16
vehG-0,587,4.998428571434029,4,17
vehG-0,610,5.241428571434031,5,18
vehG-0,743,5.091085714286001,5,19
vehG-0,766,5.010085714286005,5,20
vehG-0,795,4.6787142857160084,4,21
vehG-0,820,5.048914285716011,5,22
vehG-0,844,4.8869142857160135,4,23
vehG-0,867,5.210914285716015,5,24
vehG-0,961,5.080242857144002,5,25
vehG-0,985,4.756242857144006,4,26
vehG-0,1010,4.8372428571440125,4,27
vehG-0,1039,4.584471428574019,4,28
vehG-0,1099,4.816500000000002,4,29
vehG-0,1122,4.816500000000004,4,30
vehG-0,1146,5.140500000000007,5,31
vehG-0,1169,4.816500000000009,4,32
vehG-0,1195,4.735500000000017,4,33
vehG-0,1219,5.221500000000023,5,34
vehG-0,1244,5.221500000000028,5,35
vehG-0,1268,5.221500000000032,5,36
vehG-0,1291,5.059500000000033,5,37
