id,tick,speed(float),speed(discrete),Tot v
vehG-0,70,4.688257142858007,4,1
vehG-1,82,5.157500000000008,5,2
vehG-2,94,5.147700000000007,5,3
vehG-0,137,4.675571428574018,4,4
vehG-1,183,5.140357142860017,5,5
vehG-2,196,4.932942857144017,4,6
vehG-0,209,5.057171428574032,5,7
vehG-1,252,5.162900000004028,5,8
vehG-2,264,5.106342857144027,5,9
vehG-0,278,4.060657142862044,4,10
vehG-1,355,5.117700000000006,5,11
vehG-2,367,5.139385714288034,5,12
vehG-0,379,5.201085714292053,5,13
vehG-1,422,4.909071428572019,4,14
vehG-2,480,5.001985714286002,5,15
vehG-0,495,4.939142857150064,4,16
vehG-1,510,4.748614285716027,4,17
vehG-2,544,4.66615714285801,4,18
vehG-0,557,5.112542857150076,5,19
vehG-1,621,5.032971428572005,5,20
vehG-2,634,5.128500000002019,5,21
vehG-0,649,5.114000000008082,5,22
vehG-1,681,5.1139714285720155,5,23
vehG-2,696,5.128500000002031,5,24
vehG-0,718,5.147857142868092,5,25
vehG-1,799,5.2161000000020055,5,26
vehG-2,814,5.21815714286004,5,27
vehG-0,826,5.2375142857261,5,28
vehG-1,862,5.011928571432011,5,29
vehG-2,904,5.2069714285760496,5,30
vehG-0,957,5.147700000000003,5,31
vehG-1,979,4.694014285720019,4,32
vehG-2,991,5.056371428576056,5,33
