id,tick,speed(float),speed(discrete),Tot v
vg1-0,154,1.0336285714300204,1,1
vg1-1,172,2.2250428571440155,2,2
vg1-2,187,3.0805285714300075,3,3
vg1-3,201,3.2491428571440144,3,4
vg1-4,217,3.805700000000013,3,5
vg1-5,237,3.9654571428580114,3,6
vg1-6,254,4.193785714286013,4,7
vg1-7,267,4.106300000000012,4,8
vg1-8,282,3.7114857142860105,3,9
vg1-9,295,4.286185714286013,4,10
vg1-10,308,4.187300000000012,4,11
vg1-11,321,4.591442857144014,4,12
vg1-0,332,5.119714285716037,5,13
vg1-1,347,4.586728571430033,4,14
vg1-2,357,5.219700000002027,5,15
vg1-3,373,4.496371428574034,4,16
vg1-4,383,4.8923000000000325,4,17
vg1-5,397,4.993514285716035,4,18
vg1-6,409,3.6966428571440355,3,19
vg1-7,421,5.157585714286036,5,20
vg1-8,436,5.074857142858033,5,21
vg1-9,449,4.689985714286034,4,22
vg1-10,461,4.649300000000033,4,23
vg1-11,474,5.214842857144033,5,24
vg1-0,485,5.107114285716058,5,25
vg1-1,498,4.677928571430053,4,26
vg1-2,511,3.77198571428805,3,27
vg1-3,526,5.142742857146052,5,28
vg1-4,540,4.832985714286057,4,29
vg1-5,552,5.003714285716056,5,30
vg1-6,564,5.187728571430053,5,31
vg1-7,578,5.121585714286058,5,32
vg1-8,590,4.749657142858056,4,33
vg1-9,601,5.082385714286055,5,34
vg1-10,615,4.658985714286054,4,35
vg1-11,629,5.155442857144052,5,36
vg1-0,642,4.839000000002083,4,37
vg1-1,652,5.033900000002077,5,38
vg1-2,664,5.112385714288073,5,39
vg1-3,677,4.967542857146075,4,40
vg1-4,690,5.179185714286082,5,41
vg1-5,705,5.198800000002079,5,42
vg1-6,717,5.232728571430076,5,43
vg1-7,731,5.131014285716082,5,44
vg1-8,741,5.153114285716081,5,45
vg1-9,753,5.069785714286078,5,46
vg1-10,766,5.132385714286074,5,47
vg1-11,778,5.0738428571440695,5,48
vg1-0,793,3.784800000002103,3,49
vg1-1,811,3.933671428574095,3,50
vg1-2,824,3.733585714288089,3,51
vg1-3,837,4.318085714290092,4,52
vg1-4,851,4.043557142858099,4,53
vg1-5,864,4.156085714288098,4,54
vg1-6,876,3.843214285716095,3,55
vg1-7,889,3.9952142857160977,3,56
vg1-8,907,4.2376857142881,4,57
vg1-9,917,4.709785714286099,4,58
vg1-10,936,5.233785714288095,5,59
vg1-11,945,5.210900000002092,5,60
vg1-0,958,4.477200000002125,4,61
vg1-1,971,4.059071428574118,4,62
vg1-2,991,3.8127857142881103,3,63
vg1-3,1004,3.9917714285761137,3,64
vg1-4,1017,4.157214285716118,4,65
vg1-5,1031,4.605485714288117,4,66
vg1-6,1043,4.709614285716111,4,67
vg1-7,1056,5.2275285714321065,5,68
vg1-8,1066,4.1790571428601195,4,69
vg1-9,1080,4.880700000004121,4,70
vg1-10,1092,5.128271428574116,5,71
vg1-11,1104,5.024300000002113,5,72
vg1-0,1119,5.123485714288146,5,73
vg1-1,1132,5.018042857146141,5,74
vg1-2,1145,3.9724714285741323,3,75
vg1-3,1166,4.672685714292139,4,76
vg1-4,1176,4.841042857146134,4,77
vg1-5,1192,4.63754285714614,4,78
vg1-6,1204,3.967414285716135,3,79
vg1-7,1219,4.438014285718127,4,80
vg1-8,1228,3.74885714286014,3,81
vg1-9,1242,4.380985714290144,4,82
vg1-10,1251,3.9342714285741414,3,83
vg1-11,1268,4.295300000004135,4,84
vg1-0,1276,5.018485714288166,5,85
vg1-1,1292,4.521071428576163,4,86
vg1-2,1306,4.688271428574152,4,87
vg1-3,1318,5.0759714285781605,5,88
vg1-4,1331,4.908585714290158,4,89
vg1-5,1343,4.786514285718159,4,90
vg1-6,1355,4.833214285716153,4,91
vg1-7,1368,4.355814285718147,4,92
vg1-8,1386,4.164057142860161,4,93
vg1-9,1398,3.798642857148164,3,94
vg1-10,1413,3.782471428574161,3,95
vg1-11,1431,3.6923857142901504,3,96
vg1-0,1444,3.7091142857181847,3,97
vg1-1,1465,3.9072714285761796,3,98
vg1-2,1479,4.397442857146168,4,99
vg1-3,1491,5.155171428578181,5,100
vg1-4,1505,4.68675714286218,4,101
vg1-5,1523,4.564257142862179,4,102
vg1-6,1530,3.9975000000021677,3,103
vg1-7,1539,4.677585714290168,4,104
vg1-8,1550,4.752742857146181,4,105
vg1-9,1562,4.526528571434185,4,106
vg1-10,1579,3.9886142857181843,3,107
vg1-11,1591,4.836585714290172,4,108
vg1-0,1603,4.703314285718208,4,109
vg1-1,1619,5.0855000000062,5,110
vg1-2,1632,5.124642857146192,5,111
vg1-3,1647,3.822571428578204,3,112
vg1-4,1662,3.8290142857202003,3,113
vg1-5,1677,4.435857142862202,4,114
vg1-6,1691,4.41064285714618,4,115
vg1-7,1706,3.8191571428621867,3,116
vg1-8,1719,4.172542857146198,4,117
vg1-9,1729,4.074128571434205,4,118
vg1-10,1748,3.8140142857182058,3,119
vg1-11,1762,4.349471428576193,4,120
vg1-0,1773,4.447114285718226,4,121
vg1-1,1785,4.760300000006221,4,122
vg1-2,1799,4.232014285718211,4,123
vg1-3,1817,4.1687714285782205,4,124
vg1-4,1829,3.689214285720218,3,125
vg1-5,1844,3.9252571428622187,3,126
vg1-6,1855,4.733442857146196,4,127
vg1-7,1866,4.732357142862204,4,128
vg1-8,1880,4.633342857146216,4,129
vg1-9,1890,3.9343285714342215,3,130
vg1-10,1900,4.368414285718223,4,131
vg1-11,1911,4.116671428576215,4,132
vg1-0,1928,4.897200000004246,4,133
vg1-1,1939,3.8561857142942406,3,134
vg1-2,1951,4.404814285718227,4,135
vg1-3,1965,4.306342857150238,4,136
vg1-4,1977,3.9892142857202413,3,137
vg1-5,1993,3.8432285714342385,3,138
vg1-6,2009,5.171700000004215,5,139
vg1-7,2021,5.1361571428622215,5,140
vg1-8,2035,5.025742857146233,5,141
vg1-9,2046,4.743728571434242,4,142
vg1-10,2060,4.91081428571824,4,143
vg1-11,2071,5.029957142862231,5,144
vg1-0,2083,5.0694857142902645,5,145
vg1-1,2098,5.0123857142942585,5,146
vg1-2,2116,4.877700000004245,4,147
vg1-3,2128,5.091400000008254,5,148
vg1-4,2139,5.005871428578259,5,149
vg1-5,2150,4.8950285714342545,4,150
vg1-6,2164,4.52250000000423,4,151
vg1-7,2179,4.15155714286224,4,152
vg1-8,2192,4.573342857146252,4,153
vg1-9,2206,4.777328571434262,4,154
vg1-10,2218,4.42361428571826,4,155
vg1-11,2233,4.09155714286225,4,156
vg1-0,2250,3.922285714290282,3,157
vg1-1,2265,3.679185714294273,3,158
vg1-2,2276,3.1782428571482586,3,159
vg1-3,2291,3.7936857142942726,3,160
vg1-4,2305,3.9156714285782783,3,161
vg1-5,2317,5.171028571434275,5,162
vg1-6,2329,4.670700000004246,4,163
vg1-7,2343,4.172042857148258,4,164
vg1-8,2357,4.756514285718271,4,165
vg1-9,2370,5.181128571434282,5,166
vg1-10,2380,5.02421428571828,5,167
vg1-11,2395,4.5986428571482705,4,168
vg1-0,2408,4.729628571434302,4,169
vg1-1,2421,5.182271428580297,5,170
vg1-2,2434,4.83184285714828,4,171
vg1-3,2445,5.006885714294294,5,172
vg1-4,2463,5.0937285714363,5,173
vg1-5,2479,5.0423714285782895,5,174
vg1-6,2492,5.051271428576264,5,175
vg1-7,2507,4.991728571434278,4,176
vg1-8,2520,4.396514285718288,4,177
vg1-9,2533,4.219928571434299,4,178
vg1-10,2547,4.686500000004301,4,179
vg1-11,2558,4.793728571434288,4,180
vg1-0,2568,4.451228571434325,4,181
vg1-1,2590,5.133757142868318,5,182
vg1-2,2605,4.541100000006296,4,183
vg1-3,2617,4.354428571438308,4,184
vg1-4,2632,4.270357142866319,4,185
vg1-5,2645,4.519857142864309,4,186
vg1-6,2657,4.562957142862285,4,187
vg1-7,2669,4.121814285720299,4,188
vg1-8,2681,5.169400000004312,5,189
vg1-9,2695,4.646528571434321,4,190
vg1-10,2707,4.488500000004323,4,191
vg1-11,2719,5.173700000006312,5,192
vg1-0,2728,4.739228571434345,4,193
vg1-1,2742,4.11375714286834,4,194
vg1-2,2760,5.129185714294321,5,195
vg1-3,2771,5.1746285714383236,5,196
vg1-4,2783,5.05644285715234,5,197
vg1-5,2796,4.750257142864328,4,198
vg1-6,2809,4.064357142862306,4,199
vg1-7,2824,4.745214285720318,4,200
vg1-8,2835,3.733600000004331,3,201
vg1-9,2844,4.935214285720337,4,202
vg1-10,2861,5.065785714290342,5,203
vg1-11,2876,4.906185714292331,4,204
vg1-0,2888,5.211857142864364,5,205
vg1-1,2899,5.234728571440357,5,206
vg1-2,2912,5.151557142866336,5,207
vg1-3,2928,4.930514285724341,4,208
vg1-4,2944,4.754985714296358,4,209
vg1-5,2958,5.234714285722346,5,210
vg1-6,2971,5.046557142862328,5,211
vg1-7,2983,5.218700000006341,5,212
vg1-8,2999,4.679542857148348,4,213
vg1-9,3010,5.142300000006355,5,214
vg1-10,3022,5.110357142862361,5,215
vg1-11,3037,5.136585714292351,5,216
vg1-0,3050,5.0829428571503845,5,217
vg1-1,3063,4.851328571440377,4,218
vg1-2,3075,5.091557142866358,5,219
vg1-3,3086,4.8706857142963615,4,220
vg1-4,3099,4.4867857142963805,4,221
vg1-5,3114,4.862371428580364,4,222
vg1-6,3130,4.223442857148351,4,223
vg1-7,3143,4.499385714292362,4,224
vg1-8,3154,5.071428571434371,5,225
vg1-9,3166,4.492500000006374,4,226
vg1-10,3179,5.155357142862379,5,227
vg1-11,3196,3.4480142857223703,3,228
vg1-0,3215,4.017342857150405,4,229
vg1-1,3228,4.815328571440396,4,230
vg1-2,3239,4.858757142866377,4,231
vg1-3,3254,5.1115428571543875,5,232
vg1-4,3266,5.005442857154405,5,233
vg1-5,3287,4.247285714296386,4,234
vg1-6,3299,4.441928571434373,4,235
vg1-7,3309,4.892300000008382,4,236
vg1-8,3323,4.247714285720386,4,237
vg1-9,3337,4.351671428578397,4,238
vg1-10,3350,4.343557142862402,4,239
vg1-11,3363,3.676957142866394,3,240
vg1-0,3376,4.420628571436425,4,241
vg1-1,3389,4.165528571440416,4,242
vg1-2,3399,4.0703571428663965,4,243
vg1-3,3412,3.848628571440406,3,244
vg1-4,3431,4.400557142870425,4,245
vg1-5,3442,4.408085714296412,4,246
vg1-6,3453,4.278128571434397,4,247
vg1-7,3466,4.0229000000084065,4,248
vg1-8,3478,4.754457142864409,4,249
vg1-9,3489,4.4080714285784195,4,250
vg1-10,3502,5.116614285720422,5,251
vg1-11,3514,5.168557142866422,5,252
vg1-0,3522,5.009314285722451,5,253
vg1-1,3534,5.136414285726437,5,254
vg1-2,3546,4.357928571438418,4,255
vg1-3,3558,4.310628571440429,4,256
vg1-4,3577,4.549357142870444,4,257
vg1-5,3589,5.239771428582439,5,258
vg1-6,3608,5.224585714294416,5,259
vg1-7,3625,5.039385714294428,5,260
vg1-8,3637,5.007057142864429,5,261
vg1-9,3649,5.227757142864445,5,262
vg1-10,3658,4.397214285720445,4,263
vg1-11,3671,3.9397571428664397,3,264
vg1-0,3687,3.7256571428664733,3,265
vg1-1,3704,3.734814285726456,3,266
vg1-2,3723,4.298614285724437,4,267
vg1-3,3736,4.30900000001245,4,268
vg1-4,3748,3.922957142870469,3,269
vg1-5,3763,4.15000000001246,4,270
vg1-6,3777,4.343357142866436,4,271
vg1-7,3791,4.170671428580434,4,272
vg1-8,3805,4.172542857150452,4,273
vg1-9,3820,4.173385714294458,4,274
vg1-10,3833,4.118214285720458,4,275
vg1-11,3845,4.852528571438458,4,276
vg1-0,3857,4.268142857152496,4,277
vg1-1,3870,4.693014285726479,4,278
vg1-2,3883,4.100014285724456,4,279
vg1-3,3897,4.7003714285844715,4,280
vg1-4,3909,5.148157142870491,5,281
vg1-5,3920,4.843171428584479,4,282
vg1-6,3931,5.047928571438463,5,283
vg1-7,3943,4.0525571428664575,4,284
vg1-8,3957,4.922714285722476,4,285
vg1-9,3969,5.2251857142944855,5,286
vg1-10,3980,5.169500000006481,5,287
vg1-11,3993,4.666014285724487,4,288
vg1-0,4005,5.065628571438522,5,289
vg1-1,4017,5.026785714298496,5,290
vg1-2,4028,4.932214285724481,4,291
vg1-3,4043,5.138628571442495,5,292
vg1-4,4054,5.054557142870509,5,293
vg1-5,4066,4.564771428584503,4,294
vg1-6,4085,4.039071428582483,4,295
vg1-7,4097,4.95375714286648,4,296
vg1-8,4110,4.874885714294496,4,297
vg1-9,4128,5.153014285724508,5,298
vg1-10,4142,4.055985714292502,4,299
vg1-11,4155,5.173014285724511,5,300
vg1-0,4166,4.797085714296542,4,301
vg1-1,4181,5.071357142870517,5,302
vg1-2,4195,5.196385714296498,5,303
vg1-3,4207,4.938914285728516,4,304
vg1-4,4222,5.006642857156533,5,305
vg1-5,4233,5.233342857156527,5,306
vg1-6,4247,5.159271428582507,5,307
vg1-7,4260,4.258357142866502,4,308
vg1-8,4271,5.081885714294519,5,309
vg1-9,4283,4.874014285724527,4,310
vg1-10,4297,4.251585714292528,4,311
vg1-11,4307,4.997985714296532,4,312
vg1-0,4319,5.235685714296562,5,313
vg1-1,4333,4.734757142870539,4,314
vg1-2,4346,4.45435714286852,4,315
vg1-3,4365,3.756914285728536,3,316
vg1-4,4380,4.101928571442552,4,317
vg1-5,4391,4.780942857156546,4,318
vg1-6,4403,4.243671428582523,4,319
vg1-7,4418,4.1294428571525215,4,320
vg1-8,4430,4.130971428580542,4,321
vg1-9,4444,5.091471428582546,5,322
vg1-10,4456,4.56298571429255,4,323
vg1-11,4466,4.359671428582551,4,324
vg1-0,4478,4.470514285726584,4,325
vg1-1,4493,4.44375714287056,4,326
vg1-2,4510,3.943500000012543,3,327
vg1-3,4525,3.7899142857285595,3,328
vg1-4,4538,3.7995285714425755,3,329
vg1-5,4553,3.7034285714425694,3,330
vg1-6,4566,3.8252142857265445,3,331
vg1-7,4579,3.8042428571525413,3,332
vg1-8,4594,3.7361714285805645,3,333
vg1-9,4610,4.143385714298561,4,334
vg1-10,4622,4.540528571436562,4,335
vg1-11,4635,3.849071428582567,3,336
vg1-0,4649,3.9134571428706044,3,337
vg1-1,4668,4.441957142870575,4,338
vg1-2,4680,4.034185714298562,4,339
vg1-3,4694,3.4414857143005757,3,340
vg1-4,4708,3.716900000014597,3,341
vg1-5,4723,4.661714285728587,4,342
vg1-6,4735,4.251214285726566,4,343
vg1-7,4744,4.496900000010562,4,344
vg1-8,4759,4.324771428580584,4,345
vg1-9,4773,4.025700000014578,4,346
vg1-10,4784,4.678100000008581,4,347
vg1-11,4794,5.097671428582588,5,348
vg1-0,4804,4.757142857156619,4,349
vg1-1,4818,4.4761571428706,4,350
vg1-2,4830,4.565271428584585,4,351
vg1-3,4842,4.099685714300599,4,352
vg1-4,4855,5.022500000014623,5,353
vg1-5,4867,4.972514285728613,4,354
vg1-6,4879,5.210614285726594,5,355
vg1-7,4892,4.3029285714405825,4,356
vg1-8,4906,4.0919714285806075,4,357
vg1-9,4919,3.688242857158599,3,358
vg1-10,4934,3.947385714294604,3,359
vg1-11,4953,5.026100000012609,5,360
vg1-0,4964,4.45431428572864,4,361
vg1-1,4977,3.711242857156623,3,362
vg1-2,4993,3.9156428571566044,3,363
vg1-3,5008,4.6064285714446225,4,364
vg1-4,5020,4.430728571444642,4,365
vg1-5,5036,4.126514285728634,4,366
vg1-6,5047,4.040614285726617,4,367
vg1-7,5062,4.103728571440605,4,368
vg1-8,5075,4.052542857154625,4,369
vg1-9,5088,3.9981857143026156,3,370
vg1-10,5100,4.848585714294622,4,371
vg1-11,5113,4.909100000012627,4,372
vg1-0,5123,4.08351428572866,4,373
vg1-1,5136,3.7672142857306437,3,374
vg1-2,5149,4.261414285728627,4,375
vg1-3,5169,4.164400000016644,4,376
vg1-4,5178,4.405785714302666,4,377
vg1-5,5189,3.7204000000146547,3,378
vg1-6,5201,4.895014285726637,4,379
vg1-7,5213,4.113928571440622,4,380
vg1-8,5228,3.796342857154648,3,381
vg1-9,5244,3.776957142874628,3,382
vg1-10,5258,3.735757142866645,3,383
vg1-11,5274,3.6809857142986466,3,384
vg1-0,5293,4.185514285728677,4,385
vg1-1,5306,3.163871428588662,3,386
vg1-2,5320,4.179300000014649,4,387
vg1-3,5332,4.267600000016667,4,388
vg1-4,5345,4.449585714302687,4,389
vg1-5,5359,4.145971428586673,4,390
vg1-6,5372,4.5226714285846565,4,391
vg1-7,5384,5.177128571440639,5,392
vg1-8,5397,3.7255428571546636,3,393
vg1-9,5415,4.1915571428746485,4,394
vg1-10,5425,5.145757142866666,5,395
vg1-11,5441,4.10655714287067,4,396
vg1-0,5454,5.050885714300698,5,397
vg1-1,5466,4.422671428588682,4,398
vg1-2,5480,3.899957142872675,3,399
vg1-3,5491,4.578485714302688,4,400
vg1-4,5501,4.921100000018709,4,401
vg1-5,5513,4.771000000016695,4,402
vg1-6,5525,3.8263285714426774,3,403
vg1-7,5542,4.3079000000126575,4,404
vg1-8,5554,4.9621428571546815,4,405
vg1-9,5566,4.999757142874668,5,406
vg1-10,5578,4.878842857152687,4,407
vg1-11,5590,4.742128571442692,4,408
vg1-0,5603,4.967828571444716,4,409
vg1-1,5616,4.653071428588704,4,410
vg1-2,5628,4.002814285730695,4,411
vg1-3,5649,3.721085714302709,3,412
vg1-4,5664,3.680985714304727,3,413
vg1-5,5678,3.705400000016712,3,414
vg1-6,5695,3.779014285728696,3,415
vg1-7,5708,3.878900000012675,3,416
vg1-8,5722,3.746542857154698,3,417
vg1-9,5738,3.9457285714466828,3,418
vg1-10,5752,3.6975285714387036,3,419
vg1-11,5766,3.9887000000147084,3,420
vg1-0,5779,4.325228571446728,4,421
vg1-1,5793,3.819071428588714,3,422
vg1-2,5806,4.175614285730706,4,423
vg1-3,5822,4.43491428573272,4,424
vg1-4,5834,4.837185714304739,4,425
vg1-5,5845,5.128000000016728,5,426
vg1-6,5860,5.143500000014713,5,427
vg1-7,5871,4.28278571429869,4,428
vg1-8,5883,4.752142857154719,4,429
vg1-9,5898,4.430185714304699,4,430
vg1-10,5911,4.193385714296725,4,431
vg1-11,5927,4.831357142872729,4,432
vg1-0,5940,4.508828571446749,4,433
vg1-1,5957,5.21784285716073,5,434
vg1-2,5967,5.134585714302724,5,435
vg1-3,5982,4.572485714304739,4,436
vg1-4,5995,4.823728571448753,4,437
vg1-5,6007,4.016200000016746,4,438
vg1-6,6021,3.996557142872729,3,439
vg1-7,6037,4.917500000014708,4,440
vg1-8,6051,5.005942857154738,5,441
vg1-9,6063,5.123185714304718,5,442
vg1-10,6075,4.956585714296745,4,443
vg1-11,6090,5.038442857158755,5,444
vg1-0,6101,4.65822857144677,4,445
vg1-1,6112,4.765614285732748,4,446
vg1-2,6125,5.064471428588744,5,447
vg1-3,6138,4.652885714304761,4,448
vg1-4,6148,5.216728571448774,5,449
vg1-5,6164,4.815314285732764,4,450
vg1-6,6181,4.330928571444742,4,451
vg1-7,6196,5.228385714300732,5,452
vg1-8,6207,5.231885714298754,5,453
vg1-9,6217,4.820871428590732,4,454
vg1-10,6231,4.5966714285827655,4,455
vg1-11,6241,4.424042857158774,4,456
vg1-0,6261,5.211685714304789,5,457
vg1-1,6272,4.867957142876768,4,458
vg1-2,6284,5.132871428588764,5,459
vg1-3,6296,5.1149714285907795,5,460
vg1-4,6308,5.157414285734797,5,461
vg1-5,6320,5.1963142857327815,5,462
vg1-6,6332,4.641900000016761,4,463
vg1-7,6344,4.764671428586751,4,464
vg1-8,6358,5.10348571429878,5,465
vg1-9,6373,5.142728571448756,5,466
vg1-10,6385,5.161700000012787,5,467
vg1-11,6397,4.5734428571587955,4,468
vg1-0,6413,3.8450571428768043,3,469
vg1-1,6431,4.414957142876784,4,470
vg1-2,6443,4.194042857160781,4,471
vg1-3,6462,4.1991142857348,4,472
vg1-4,6472,4.218585714306816,4,473
vg1-5,6486,3.759914285732803,3,474
vg1-6,6499,3.738385714302783,3,475
vg1-7,6517,4.218757142872771,4,476
vg1-8,6532,4.4771714285848,4,477
vg1-9,6551,3.485528571450776,3,478
vg1-10,6564,4.361985714298811,4,479
vg1-11,6577,5.2426142857308164,5,480
vg1-0,6588,5.012657142876822,5,481
vg1-1,6600,4.622557142876805,4,482
vg1-2,6615,5.0640428571648,5,483
vg1-3,6626,5.07751428573482,5,484
vg1-4,6638,5.200614285736833,5,485
vg1-5,6649,5.182514285732819,5,486
vg1-6,6661,5.206671428588801,5,487
vg1-7,6685,4.910471428588788,4,488
vg1-8,6696,5.15877142858482,5,489
vg1-9,6707,5.242928571450794,5,490
vg1-10,6719,4.62778571429883,4,491
vg1-11,6731,5.184414285730834,5,492
vg1-0,6742,5.0006571428768405,5,493
vg1-1,6754,4.864700000020822,4,494
vg1-2,6767,3.7323000000228257,3,495
vg1-3,6781,3.8842000000208405,3,496
vg1-4,6791,4.667214285736857,4,497
vg1-5,6803,5.066114285732842,5,498
vg1-6,6816,4.823442857160822,4,499
vg1-7,6827,5.094671428588805,5,500
vg1-8,6842,5.145400000014837,5,501
vg1-9,6859,4.200728571450814,4,502
vg1-10,6870,4.811985714298846,4,503
vg1-11,6884,5.194614285730853,5,504
vg1-0,6897,4.4092285714488595,4,505
vg1-1,6913,3.763700000020842,3,506
vg1-2,6928,5.167328571452845,5,507
vg1-3,6941,4.832200000020864,4,508
vg1-4,6953,4.099185714308877,4,509
vg1-5,6967,3.8031142857328613,3,510
vg1-6,6980,3.8035285714468428,3,511
vg1-7,6997,3.9360714285888223,3,512
vg1-8,7011,3.7900000000148575,3,513
vg1-9,7024,3.747728571450831,3,514
vg1-10,7038,3.8039857142988653,3,515
vg1-11,7052,4.291014285730872,4,516
vg1-0,7065,4.338000000020877,4,517
vg1-1,7076,5.08190000002086,5,518
vg1-2,7090,4.1353285714528605,4,519
vg1-3,7105,3.4301714285928813,3,520
vg1-4,7120,4.9187857143089,4,521
vg1-5,7131,5.201800000018881,5,522
vg1-6,7145,4.912414285732867,4,523
vg1-7,7154,4.443671428588846,4,524
vg1-8,7165,4.736885714300879,4,525
vg1-9,7177,4.093414285736851,4,526
vg1-10,7193,3.917985714298888,3,527
vg1-11,7205,5.029957142874895,5,528
vg1-0,7219,4.996200000022892,4,529
vg1-1,7236,4.536757142878878,4,530
vg1-2,7248,5.152928571452879,5,531
vg1-3,7259,5.1648571428789,5,532
vg1-4,7271,5.021985714308921,5,533
vg1-5,7285,4.864771428590902,4,534
vg1-6,7300,3.9044142857328903,3,535
vg1-7,7314,4.615871428588871,4,536
vg1-8,7325,5.163571428586902,5,537
vg1-9,7337,5.063614285736871,5,538
vg1-10,7349,5.085671428584909,5,539
vg1-11,7364,3.859957142874917,3,540
vg1-0,7376,4.115142857166917,4,541
vg1-1,7389,3.9105285714508975,3,542
vg1-2,7407,3.774214285738897,3,543
vg1-3,7423,4.631457142878919,4,544
vg1-4,7434,4.638757142880938,4,545
vg1-5,7446,4.608057142876921,4,546
vg1-6,7459,4.400185714304913,4,547
vg1-7,7473,4.024357142874894,4,548
vg1-8,7487,3.865257142872921,3,549
vg1-9,7500,3.9273857143088904,3,550
vg1-10,7515,5.175757142870932,5,551
vg1-11,7527,5.083957142874938,5,552
vg1-0,7539,4.229142857166936,4,553
vg1-1,7553,4.347414285738921,4,554
vg1-2,7565,4.524814285738919,4,555
vg1-3,7576,4.491657142878942,4,556
vg1-4,7589,3.9319571428809628,3,557
vg1-5,7605,3.796857142876944,3,558
vg1-6,7623,4.0968428571629305,4,559
vg1-7,7635,4.773757142876914,4,560
vg1-8,7646,4.662228571444941,4,561
vg1-9,7660,3.9837857143089126,3,562
vg1-10,7674,4.351442857156954,4,563
vg1-11,7684,4.607557142874961,4,564
vg1-0,7698,4.29634285716696,4,565
vg1-1,7706,4.288014285738945,4,566
vg1-2,7717,4.499957142882936,4,567
vg1-3,7731,5.080857142878956,5,568
vg1-4,7749,4.613300000024978,4,569
vg1-5,7762,4.605742857162962,4,570
vg1-6,7776,5.079642857162953,5,571
vg1-7,7787,4.4599571428769345,4,572
vg1-8,7801,3.943514285730961,3,573
vg1-9,7815,3.8673857143089334,3,574
vg1-10,7830,3.8528428571569755,3,575
vg1-11,7844,3.843157142874979,3,576
vg1-0,7863,3.936600000024984,3,577
vg1-1,7877,3.893814285738964,3,578
vg1-2,7894,4.729757142882959,4,579
vg1-3,7907,4.303085714308972,4,580
vg1-4,7921,4.854500000024996,4,581
vg1-5,7932,4.441771428592979,4,582
vg1-6,7944,5.217128571448967,5,583
vg1-7,7956,4.759957142876947,4,584
vg1-8,7967,5.238485714302974,5,585
vg1-9,7981,4.884985714308949,4,586
vg1-10,7995,4.662242857156993,4,587
vg1-11,8020,5.009814285734995,5,588
vg1-0,8035,5.104200000025002,5,589
vg1-1,8046,5.176700000024981,5,590
vg1-2,8058,4.855757142882979,4,591
vg1-3,8071,4.845485714308993,4,592
vg1-4,8081,4.5065000000250155,4,593
vg1-5,8094,5.146771428593001,5,594
vg1-6,8111,5.076985714306987,5,595
vg1-7,8126,4.179928571448964,4,596
vg1-8,8138,5.0518857143029905,5,597
vg1-9,8152,3.9803571428809676,3,598
vg1-10,8164,4.093528571443013,4,599
vg1-11,8177,5.101014285735014,5,600
vg1-0,8185,4.744371428597021,4,601
vg1-1,8198,4.157300000025006,4,602
vg1-2,8212,4.529100000026998,4,603
vg1-3,8224,5.029171428595014,5,604
vg1-4,8240,4.204357142883028,4,605
vg1-5,8252,4.658971428593025,4,606
vg1-6,8262,4.461557142879011,4,607
vg1-7,8275,4.398071428592988,4,608
vg1-8,8296,5.082142857161011,5,609
vg1-9,8308,4.546157142880989,4,610
vg1-10,8321,5.133928571443036,5,611
vg1-11,8332,5.0075000000210315,5,612
vg1-0,8345,4.8128571428830424,4,613
vg1-1,8358,4.688300000025027,4,614
vg1-2,8371,5.014500000027024,5,615
vg1-3,8383,4.251914285739034,4,616
vg1-4,8401,5.177385714313047,5,617
vg1-5,8412,5.108371428593038,5,618
vg1-6,8424,4.274528571451033,4,619
vg1-7,8437,4.292471428593013,4,620
vg1-8,8450,4.571714285733028,4,621
vg1-9,8462,5.204357142881006,5,622
vg1-10,8477,3.77801428572905,3,623
vg1-11,8494,4.045100000021048,4,624
vg1-0,8505,4.233257142883064,4,625
vg1-1,8517,4.25930000002505,4,626
vg1-2,8533,3.8091000000270405,3,627
vg1-3,8550,4.0774000000250545,4,628
vg1-4,8561,4.331042857171065,4,629
vg1-5,8574,4.43637142859306,4,630
vg1-6,8586,5.059500000023054,5,631
vg1-7,8597,5.007671428593031,5,632
vg1-8,8611,5.067057142877047,5,633
vg1-9,8629,5.2377000000250264,5,634
vg1-10,8641,5.141814285729069,5,635
vg1-11,8652,5.061585714307063,5,636
vg1-0,8666,4.62565714288308,4,637
vg1-1,8680,4.512671428597067,4,638
vg1-2,8696,4.050385714313054,4,639
vg1-3,8708,4.839657142883071,4,640
vg1-4,8718,3.9950428571710765,3,641
vg1-5,8733,5.013742857165079,5,642
vg1-6,8746,4.294500000023072,4,643
vg1-7,8758,5.236957142879054,5,644
vg1-8,8774,5.007400000021068,5,645
vg1-9,8789,5.177785714311049,5,646
vg1-10,8802,4.989414285729093,4,647
vg1-11,8815,5.141385714307083,5,648
vg1-0,8829,5.0177142857411,5,649
vg1-1,8844,5.0771000000270865,5,650
vg1-2,8857,5.193385714313074,5,651
vg1-3,8870,5.1391428571690945,5,652
vg1-4,8881,4.560328571457092,4,653
vg1-5,8892,5.1502000000231,5,654
vg1-6,8903,5.010900000023095,5,655
vg1-7,8927,4.410757142881074,4,656
vg1-8,8938,5.12200000002109,5,657
vg1-9,8951,4.319442857169072,4,658
vg1-10,8966,4.998500000015115,4,659
vg1-11,8978,4.4219857143091,4,660
vg1-0,8990,4.391914285741118,4,661
vg1-1,9003,4.0576142857430995,4,662
vg1-2,9022,3.9771857143130873,3,663
vg1-3,9036,3.8540285714551095,3,664
vg1-4,9057,3.7955000000291044,3,665
vg1-5,9074,3.9454857143091147,3,666
vg1-6,9089,3.7833857143091123,3,667
vg1-7,9103,3.8651857143110906,3,668
vg1-8,9124,3.802600000021102,3,669
vg1-9,9139,3.7632428571690832,3,670
vg1-10,9155,4.187300000015124,4,671
vg1-11,9168,4.710585714309116,4,672
vg1-0,9182,4.644857142885128,4,673
vg1-1,9192,4.1070714286031125,4,674
vg1-2,9206,4.1847857143131035,4,675
vg1-3,9216,5.114028571455127,5,676
vg1-4,9228,4.395585714315121,4,677
vg1-5,9242,4.442285714309134,4,678
vg1-6,9250,4.256785714309128,4,679
vg1-7,9267,3.7715857143111062,3,680
vg1-8,9281,4.067200000021119,4,681
vg1-9,9293,4.513071428599107,4,682
vg1-10,9309,4.556385714301149,4,683
vg1-11,9327,5.023100000025137,5,684
vg1-0,9341,5.1204000000291385,5,685
vg1-1,9354,4.602757142889132,4,686
vg1-2,9368,3.7786714285991225,3,687
vg1-3,9381,4.3724285714551465,4,688
vg1-4,9396,5.226671428601139,5,689
vg1-5,9409,5.111885714309153,5,690
vg1-6,9421,5.077585714309148,5,691
vg1-7,9434,4.579614285741129,4,692
vg1-8,9446,5.153200000021138,5,693
vg1-9,9460,5.158842857171128,5,694
vg1-10,9472,5.19127142858717,5,695
vg1-11,9483,4.848500000025158,4,696
vg1-0,9495,4.808742857173156,4,697
vg1-1,9507,5.1572428571751505,5,698
vg1-2,9519,4.853871428599144,4,699
vg1-3,9530,4.961028571455165,4,700
vg1-4,9543,4.137671428601155,4,701
vg1-5,9553,4.161571428595171,4,702
vg1-6,9570,4.578385714309168,4,703
vg1-7,9584,4.890414285741151,4,704
vg1-8,9597,4.920400000021158,4,705
vg1-9,9608,4.614042857171151,4,706
vg1-10,9623,4.298557142873192,4,707
vg1-11,9636,4.25690000002518,4,708
vg1-0,9651,4.263600000031175,4,709
vg1-1,9661,3.7215285714611723,3,710
vg1-2,9675,3.2738142857431614,3,711
vg1-3,9689,3.8136571428851873,3,712
vg1-4,9704,4.274642857173174,4,713
vg1-5,9715,4.576171428595194,4,714
vg1-6,9727,3.9630428571671894,3,715
vg1-7,9742,3.766614285741171,3,716
vg1-8,9756,4.038400000021175,4,717
vg1-9,9771,4.333585714315169,4,718
vg1-10,9782,4.007642857159215,4,719
vg1-11,9793,4.0583857143112,4,720
vg1-0,9806,4.805742857175198,4,721
vg1-1,9817,4.7613285714611955,4,722
vg1-2,9831,5.227414285743185,5,723
vg1-3,9851,4.43628571431521,4,724
vg1-4,9862,5.059528571459189,5,725
vg1-5,9870,4.378171428595218,4,726
vg1-6,9883,4.713642857167211,4,727
vg1-7,9894,5.08421428574119,5,728
vg1-8,9907,4.245400000021196,4,729
vg1-9,9922,3.950185714315193,3,730
vg1-10,9937,3.867071428589237,3,731
vg1-11,9951,4.42738571431122,4,732
vg1-0,9964,3.6825428571752195,3,733
vg1-1,9978,3.938300000033214,3,734
vg1-2,9991,4.104300000029204,4,735
vg1-3,10005,3.9590285714592213,3,736
vg1-4,10019,4.054014285747206,4,737
vg1-5,10031,4.145457142881237,4,738
vg1-6,10046,3.658500000025229,3,739
vg1-7,10060,4.098671428599207,4,740
vg1-8,10074,4.416571428593214,4,741
vg1-9,10086,4.862185714315215,4,742
vg1-10,10097,4.895471428589255,4,743
vg1-11,10108,4.6800714285972385,4,744
vg1-0,10121,5.05680000003324,5,745
vg1-1,10135,5.197185714319237,5,746
vg1-2,10147,5.166985714315225,5,747
vg1-3,10161,4.755314285745244,4,748
vg1-4,10176,4.804014285747228,4,749
vg1-5,10189,4.339857142881262,4,750
vg1-6,10201,4.189071428597251,4,751
vg1-7,10214,4.050671428599232,4,752
vg1-8,10229,3.940171428593236,3,753
vg1-9,10241,4.0510714286012375,4,754
vg1-10,10253,3.7369571428752755,3,755
vg1-11,10267,3.741671428597259,3,756
vg1-0,10282,4.557600000033261,4,757
vg1-1,10295,5.229842857177259,5,758
vg1-2,10306,4.497214285745239,4,759
vg1-3,10320,5.101000000031264,5,760
vg1-4,10333,4.28210000003325,4,761
vg1-5,10345,4.731657142881286,4,762
vg1-6,10357,4.696757142883275,4,763
vg1-7,10373,3.7479285714572566,3,764
vg1-8,10387,4.828342857167258,4,765
vg1-9,10398,5.055642857173259,5,766
vg1-10,10410,4.823042857161297,4,767
vg1-11,10422,4.376471428597283,4,768
vg1-0,10435,5.065371428605283,5,769
vg1-1,10448,4.425585714321275,4,770
vg1-2,10461,5.0630142857452585,5,771
vg1-3,10476,4.174000000031284,4,772
vg1-4,10490,5.056271428605274,5,773
vg1-5,10502,4.32511428573931,4,774
vg1-6,10519,5.1685285714552975,5,775
vg1-7,10531,4.509928571457281,4,776
vg1-8,10546,4.606428571453276,4,777
vg1-9,10559,4.752728571459283,4,778
vg1-10,10570,5.099042857161319,5,779
vg1-11,10582,4.722071428597302,4,780
vg1-0,10596,4.740171428605306,4,781
vg1-1,10609,4.030271428607295,4,782
vg1-2,10620,3.777300000031273,3,783
vg1-3,10632,2.888542857175308,2,784
vg1-4,10647,3.770557142891299,3,785
vg1-5,10666,4.682114285739328,4,786
vg1-6,10678,4.044214285741316,4,787
vg1-7,10690,4.2885285714573,4,788
vg1-8,10701,3.945314285739297,3,789
vg1-9,10712,3.779528571459304,3,790
vg1-10,10730,4.529728571449341,4,791
vg1-11,10743,4.094985714313317,4,792
vg1-0,10756,4.715057142891324,4,793
vg1-1,10767,4.792871428607316,4,794
vg1-2,10782,5.1528428571752904,5,795
vg1-3,10795,4.9886285714613265,4,796
vg1-4,10810,4.4974142857493185,4,797
vg1-5,10825,4.831000000025352,4,798
vg1-6,10836,4.887214285741338,4,799
vg1-7,10849,5.09621428574332,5,800
vg1-8,10860,4.44091428573932,4,801
vg1-9,10876,5.22398571431733,5,802
vg1-10,10888,4.30790000002136,4,803
vg1-11,10897,4.278585714313345,4,804
vg1-0,10910,3.717857142891347,3,805
vg1-1,10922,5.149357142893339,5,806
vg1-2,10935,4.294928571461315,4,807
vg1-3,10952,4.060514285747352,4,808
vg1-4,10964,4.266157142893344,4,809
vg1-5,10977,4.200742857169367,4,810
vg1-6,10992,3.8444142857413626,3,811
vg1-7,11006,4.689414285743343,4,812
vg1-8,11018,5.121314285739348,5,813
vg1-9,11031,5.002071428603354,5,814
vg1-10,11044,4.780700000021382,4,815
vg1-11,11054,5.202585714313368,5,816
vg1-0,11067,4.097828571463367,4,817
vg1-1,11083,4.036357142893357,4,818
vg1-2,11098,4.271871428605335,4,819
vg1-3,11108,5.123457142891374,5,820
vg1-4,11119,5.155357142893364,5,821
vg1-5,11132,5.1476285714553915,5,822
vg1-6,11145,5.231185714313384,5,823
vg1-7,11158,5.012214285743366,5,824
vg1-8,11174,4.922885714311371,4,825
vg1-9,11184,4.098214285747377,4,826
vg1-10,11196,4.71015714287941,4,827
vg1-11,11208,5.050785714313391,5,828
vg1-0,11222,4.893771428607385,4,829
vg1-1,11233,5.192042857179384,5,830
vg1-2,11246,5.195528571463356,5,831
vg1-3,11259,5.029857142891395,5,832
vg1-4,11272,5.223242857179387,5,833
vg1-5,11285,5.088228571455412,5,834
vg1-6,11300,4.199785714313405,4,835
vg1-7,11317,4.0499857143153895,4,836
vg1-8,11331,4.01877142859739,4,837
vg1-9,11346,3.8768142857473986,3,838
vg1-10,11359,3.8179571428794317,3,839
vg1-11,11376,3.98467142859941,3,840
vg1-0,11393,3.954857142893404,3,841
vg1-1,11406,4.392242857179401,4,842
vg1-2,11418,4.676185714323378,4,843
vg1-3,11428,4.380314285749415,4,844
vg1-4,11441,5.001242857179405,5,845
vg1-5,11458,4.506657142885431,4,846
vg1-6,11471,4.382785714313427,4,847
vg1-7,11485,5.031585714315408,5,848
vg1-8,11497,4.886885714313408,4,849
vg1-9,11508,5.055814285747417,5,850
vg1-10,11520,4.85981428573745,4,851
vg1-11,11533,5.151328571457431,5,852
vg1-0,11545,5.075657142893424,5,853
vg1-1,11558,5.096128571465422,5,854
vg1-2,11576,4.847957142895401,4,855
vg1-3,11588,4.888000000035438,4,856
vg1-4,11600,5.161442857179429,5,857
vg1-5,11611,4.586028571457453,4,858
vg1-6,11625,4.3001571428854515,4,859
vg1-7,11638,4.138271428601431,4,860
vg1-8,11653,4.804685714313433,4,861
vg1-9,11664,4.730614285747441,4,862
vg1-10,11675,5.135814285737471,5,863
vg1-11,11688,3.911728571457452,3,864
vg1-0,11703,3.9515142857514425,3,865
vg1-1,11719,4.19175714289544,4,866
vg1-2,11733,3.562242857181421,3,867
vg1-3,11746,5.129800000035459,5,868
vg1-4,11760,4.118728571465453,4,869
vg1-5,11772,4.885428571457474,4,870
vg1-6,11779,3.9979285714574675,3,871
vg1-7,11793,4.205471428601455,4,872
vg1-8,11804,4.374657142885456,4,873
vg1-9,11818,5.2380428571774615,5,874
vg1-10,11830,4.3700428571674905,4,875
vg1-11,11846,4.615700000029478,4,876
vg1-0,11859,3.8453142857514644,3,877
vg1-1,11872,3.877442857181461,3,878
vg1-2,11887,3.8617285714674434,3,879
vg1-3,11902,3.84408571432148,3,880
vg1-4,11918,3.909328571465476,3,881
vg1-5,11937,4.142628571457496,4,882
vg1-6,11947,5.037985714315487,5,883
vg1-7,11961,4.028985714317475,4,884
vg1-8,11973,4.419742857171475,4,885
vg1-9,11983,3.9990428571774785,3,886
vg1-10,11996,3.8357000000255077,3,887
vg1-11,12010,5.007500000029498,5,888
vg1-0,12025,3.727714285751487,3,889
vg1-1,12038,4.061042857181482,4,890
vg1-2,12050,3.98661428575346,3,891
vg1-3,12059,4.5022857143214985,4,892
vg1-4,12071,4.856728571465499,4,893
vg1-5,12084,4.418628571457515,4,894
vg1-6,12096,5.094814285745501,5,895
vg1-7,12108,5.1270714286035,5,896
vg1-8,12120,5.0671428571715,5,897
vg1-9,12135,5.119928571463497,5,898
vg1-10,12151,4.724985714311529,4,899
vg1-11,12166,4.508300000029518,4,900
vg1-0,12177,5.19608571432351,5,901
vg1-1,12187,5.031414285753504,5,902
vg1-2,12202,4.112185714325484,4,903
vg1-3,12215,3.691085714321523,3,904
vg1-4,12230,4.290671428609518,4,905
vg1-5,12245,4.578485714315538,4,906
vg1-6,12256,3.7743000000315234,3,907
vg1-7,12269,4.188071428603521,4,908
vg1-8,12281,3.8152857143155217,3,909
vg1-9,12292,4.077128571463518,4,910
vg1-10,12310,4.594957142883554,4,911
vg1-11,12320,4.71907142860354,4,912
vg1-0,12333,5.101885714323529,5,913
vg1-1,12351,3.8605571428975214,3,914
vg1-2,12362,4.874357142897507,4,915
vg1-3,12374,5.019571428607545,5,916
vg1-4,12386,4.80975714289554,4,917
vg1-5,12398,4.831771428601561,4,918
vg1-6,12410,5.022900000031545,5,919
vg1-7,12422,4.279271428603548,4,920
vg1-8,12437,4.288085714315543,4,921
vg1-9,12451,4.932128571463539,4,922
vg1-10,12462,4.420442857169577,4,923
vg1-11,12473,4.2547571428895665,4,924
vg1-0,12488,4.127742857181548,4,925
vg1-1,12501,4.101928571469541,4,926
vg1-2,12515,3.9017571428975266,3,927
vg1-3,12536,3.9545714286075677,3,928
vg1-4,12552,4.64630000003956,4,929
vg1-5,12566,4.032057142887581,4,930
vg1-6,12578,3.933471428603566,3,931
vg1-7,12591,4.55450000003357,4,932
vg1-8,12603,4.424971428601566,4,933
vg1-9,12615,4.524900000035563,4,934
vg1-10,12630,4.7540428571695985,4,935
vg1-11,12646,5.154414285747586,5,936
vg1-0,12661,5.135057142897566,5,937
vg1-1,12674,5.048300000043558,5,938
vg1-2,12688,5.173242857183545,5,939
vg1-3,12707,4.611914285751586,4,940
vg1-4,12719,4.447785714325578,4,941
vg1-5,12734,4.712714285745602,4,942
vg1-6,12746,4.695471428603584,4,943
vg1-7,12764,4.806671428605588,4,944
vg1-8,12775,5.059342857173586,5,945
vg1-9,12786,5.009271428607583,5,946
vg1-10,12802,4.729614285741622,4,947
vg1-11,12812,4.864014285747605,4,948
vg1-0,12826,5.145857142897582,5,949
vg1-1,12843,5.173100000045578,5,950
vg1-2,12855,4.952442857183564,4,951
vg1-3,12869,5.005942857181603,5,952
vg1-4,12878,4.920585714325599,4,953
vg1-5,12893,3.888742857175623,3,954
vg1-6,12908,4.809557142889607,4,955
vg1-7,12917,3.717928571463605,3,956
vg1-8,12934,3.9938285714596065,3,957
vg1-9,12952,3.9556714286076033,3,958
vg1-10,12966,4.11461428574164,4,959
vg1-11,12977,4.688814285747625,4,960
vg1-0,12989,5.006057142897607,5,961
vg1-1,13003,4.765871428619594,4,962
vg1-2,13017,5.240100000041582,5,963
vg1-3,13031,4.47271428575362,4,964
vg1-4,13045,5.0696428571836165,5,965
vg1-5,13058,4.626485714321641,4,966
vg1-6,13073,4.299128571461623,4,967
vg1-7,13085,3.799785714321623,3,968
vg1-8,13094,5.045628571459628,5,969
vg1-9,13106,5.1570428571796265,5,970
vg1-10,13118,4.413500000027659,4,971
vg1-11,13131,5.011700000033645,5,972
vg1-0,13147,5.142514285755629,5,973
vg1-1,13160,5.064671428619617,5,974
vg1-2,13173,5.076300000041605,5,975
vg1-3,13186,4.667285714325645,4,976
vg1-4,13197,5.229842857183639,5,977
vg1-5,13210,4.555085714321663,4,978
vg1-6,13218,5.130728571461649,5,979
vg1-7,13231,4.585185714321649,4,980
vg1-8,13244,5.043914285745649,5,981
vg1-9,13256,5.224414285751645,5,982
vg1-10,13270,3.9605000000276824,3,983
vg1-11,13286,4.5355571428916726,4,984
vg1-0,13297,4.574314285755654,4,985
vg1-1,13310,5.016671428619637,5,986
vg1-2,13321,3.6863571428996256,3,987
