id,tick,speed(float),speed(discrete),Tot v
vehG-0,152,1.0607857142880082,1,1
vehG-1,167,2.2205428571460084,2,2
vehG-2,181,2.084742857144005,2,3
vehG-3,197,1.9041142857160078,1,4
vehG-4,213,1.6739571428580058,1,5
vehG-5,228,2.4723285714300047,2,6
vehG-6,244,2.3262428571440035,2,7
vehG-7,259,2.3380000000040035,2,8
vehG-8,279,1.9693428571440033,1,9
vehG-9,297,2.0871428571440016,2,10
vehG-10,318,2.4010714285719996,2,11
vehG-11,338,1.9150714285719996,1,12
vehG-0,358,2.3521571428600074,2,13
vehG-1,378,2.151114285718008,2,14
vehG-2,399,2.1958285714300048,2,15
vehG-3,419,2.112400000002008,2,16
vehG-4,440,2.4654428571440055,2,17
vehG-5,460,2.0974142857160047,2,18
vehG-6,480,2.0485285714300034,2,19
vehG-7,501,2.2546857142900034,2,20
vehG-8,522,1.9693428571440033,1,21
vehG-9,541,1.6983428571440016,1,22
vehG-10,561,2.4010714285719996,2,23
vehG-11,581,1.9150714285719996,1,24
vehG-0,601,2.3521571428600074,2,25
vehG-1,621,2.151114285718008,2,26
vehG-2,642,2.1958285714300048,2,27
vehG-3,662,2.112400000002008,2,28
vehG-4,683,2.4654428571440055,2,29
vehG-5,703,2.0974142857160047,2,30
vehG-6,723,2.0485285714300034,2,31
vehG-7,744,2.2546857142900034,2,32
vehG-8,765,1.9693428571440033,1,33
vehG-9,784,1.6983428571440016,1,34
vehG-10,804,2.4010714285719996,2,35
vehG-11,825,2.4010714285719996,2,36
vehG-0,845,1.9633571428600074,1,37
vehG-1,865,1.762314285718008,1,38
vehG-2,885,2.1958285714300048,2,39
vehG-3,905,2.112400000002008,2,40
vehG-4,926,2.4654428571440055,2,41
vehG-5,946,2.0974142857160047,2,42
vehG-6,967,1.6597285714300034,1,43
vehG-7,987,2.2546857142900034,2,44
