id,tick,speed(float),speed(discrete),Tot v
vehG-0,129,5.093957142858003,5,1
vehG-1,141,5.13398571428801,5,2
vehG-2,153,5.107842857144008,5,3
vehG-3,168,4.853100000000009,4,4
vehG-0,190,5.093957142858012,5,5
vehG-1,252,4.754185714286003,4,6
vehG-2,267,5.049985714286006,5,7
vehG-3,289,5.078185714286005,5,8
vehG-0,310,5.013385714286002,5,9
vehG-1,323,5.192785714286014,5,10
vehG-2,340,4.817357142858015,4,11
vehG-3,424,4.924285714286006,4,12
vehG-0,435,5.054700000000003,5,13
vehG-1,448,5.112300000000004,5,14
vehG-2,460,4.753500000000004,4,15
vehG-3,482,5.086285714286012,5,16
vehG-0,496,5.216700000000011,5,17
vehG-1,579,5.050500000000005,5,18
vehG-2,593,5.013385714286006,5,19
vehG-3,604,4.388185714286006,4,20
vehG-0,616,4.434300000000008,4,21
vehG-1,702,5.0619857142860045,5,22
vehG-2,739,4.797085714286003,4,23
vehG-3,751,4.781700000000004,4,24
vehG-0,762,4.679700000000004,4,25
vehG-1,818,4.449685714286006,4,26
vehG-2,856,5.003700000002004,5,27
vehG-3,934,5.040728571430004,5,28
vehG-0,996,4.347771428572005,4,29
vehG-1,1050,4.813928571430004,4,30
vehG-2,1077,4.700871428572004,4,31
vehG-3,1099,5.182500000000007,5,32
vehG-0,1111,5.078100000000005,5,33
vehG-1,1131,5.2051285714300155,5,34
vehG-2,1144,5.105357142858015,5,35
vehG-3,1216,5.013385714286004,5,36
vehG-0,1234,5.035757142858004,5,37
vehG-1,1245,5.000700000000005,5,38
vehG-2,1258,5.187900000000006,5,39
vehG-3,1276,4.689385714286011,4,40
vehG-0,1297,4.885157142858013,4,41
vehG-1,1372,4.446385714286004,4,42
vehG-2,1385,4.908900000000006,4,43
vehG-3,1397,5.1537857142860055,5,44
vehG-0,1410,5.130385714286005,5,45
vehG-1,1434,4.527385714286014,4,46
vehG-2,1446,5.232900000000015,5,47
vehG-3,1532,5.210185714286002,5,48
vehG-0,1543,5.050500000000003,5,49
vehG-1,1632,4.360757142858005,4,50
vehG-2,1664,5.034300000000006,5,51
vehG-3,1749,5.226385714286004,5,52
vehG-0,1762,5.0554285714300065,5,53
vehG-1,1776,4.900842857144006,4,54
vehG-2,1788,5.239500000000009,5,55
vehG-3,1880,5.048100000000004,5,56
vehG-0,1907,5.117700000000005,5,57
vehG-1,1932,5.094385714286004,5,58
vehG-2,2019,5.095285714286007,5,59
vehG-3,2045,5.099100000000005,5,60
vehG-0,2056,5.038500000000004,5,61
vehG-1,2127,5.050500000000001,5,62
vehG-2,2159,5.142000000000004,5,63
vehG-3,2234,4.481100000000006,4,64
vehG-0,2261,5.036700000000003,5,65
vehG-1,2351,4.8747000000000025,4,66
vehG-2,2432,5.074800000000005,5,67
vehG-3,2468,4.6755857142860044,4,68
vehG-0,2480,4.784100000000005,4,69
vehG-1,2494,5.223300000000005,5,70
vehG-2,2505,4.7725714285720136,4,71
vehG-3,2588,4.5273857142860034,4,72
vehG-0,2628,5.158757142858004,5,73
vehG-1,2690,5.020500000000003,5,74
vehG-2,2719,5.029585714286004,5,75
vehG-3,2752,4.714757142858004,4,76
vehG-0,2847,5.066700000000005,5,77
vehG-1,2860,5.165700000000006,5,78
vehG-2,2874,5.139900000000008,5,79
vehG-3,2952,5.029585714286005,5,80
vehG-0,2979,4.758900000000006,4,81
vehG-1,2991,5.108185714286007,5,82
vehG-2,3003,4.746900000000007,4,83
vehG-3,3016,4.948071428572012,4,84
vehG-0,3130,5.084700000002005,5,85
vehG-1,3141,4.811442857144005,4,86
vehG-2,3217,4.810885714286004,4,87
vehG-3,3234,5.223385714286006,5,88
vehG-0,3344,5.036700000000003,5,89
vehG-1,3355,5.1639000000000035,5,90
vehG-2,3372,4.808357142858009,4,91
vehG-3,3384,5.000100000000009,5,92
vehG-0,3407,4.041300000000011,4,93
vehG-1,3422,5.174871428572012,5,94
vehG-2,3502,5.228700000000004,5,95
vehG-3,3610,4.961400000000005,4,96
vehG-0,3647,5.064300000000004,5,97
vehG-1,3760,4.550700000000008,4,98
vehG-2,3774,5.204871428572004,5,99
vehG-3,3795,5.184042857144006,5,100
vehG-0,3806,5.054100000000006,5,101
vehG-1,3882,4.994785714286005,4,102
vehG-2,3904,4.446385714286004,4,103
vehG-3,4013,5.184471428572005,5,104
vehG-0,4025,4.7469000000000054,4,105
