id,tick,speed(float),speed(discrete),Tot v
vehG-0,30,5.202371428572004,5,1
vehG-0,58,4.85462857143001,4,2
vehG-0,91,5.224314285716014,5,3
vehG-0,114,5.143314285716016,5,4
vehG-0,138,5.14331428571602,5,5
vehG-0,163,4.657314285716023,4,6
vehG-0,208,5.063342857148027,5,7
vehG-0,232,4.9013428571480295,4,8
vehG-0,256,5.063342857148032,5,9
vehG-0,279,5.225342857148035,5,10
vehG-0,344,4.4233142857220376,4,11
vehG-0,369,5.233314285722042,5,12
vehG-0,393,4.423314285722046,4,13
vehG-0,418,4.342314285722052,4,14
vehG-0,446,4.284200000008057,4,15
vehG-0,470,4.68920000000806,4,16
vehG-0,494,5.175200000008062,5,17
vehG-0,539,4.974800000012066,4,18
vehG-0,562,5.217800000012068,5,19
vehG-0,591,5.043885714298073,5,20
vehG-0,617,5.078171428584076,5,21
vehG-0,674,5.242871428586079,5,22
vehG-0,698,4.432871428586082,4,23
vehG-0,750,5.059100000016086,5,24
vehG-0,774,5.140100000016089,5,25
vehG-0,797,5.059100000016089,5,26
vehG-0,820,5.059100000016091,5,27
vehG-0,844,5.140100000016094,5,28
vehG-0,868,5.1401000000160995,5,29
vehG-0,919,4.725157142876102,4,30
vehG-0,943,4.239157142876105,4,31
