
vehG-0,183,2.1622571428580017,2,1
vehG-1,205,1.9310000000020004,1,2
vehG-2,301,2.4380999999999995,2,3
vehG-3,313,2.7678857142859994,2,4
vehG-4,327,3.800871428572,3,5
vehG-5,340,4.1695714285720005,4,6
vehG-6,351,3.45552857143,3,7
vehG-7,365,3.4621285714300005,3,8
vehG-8,379,4.109871428574002,4,9
vehG-9,391,3.047700000002001,3,10
vehG-10,405,2.9154428571460027,2,11
vehG-11,419,4.086300000004001,4,12
vehG-12,432,2.892200000002003,2,13
vehG-13,447,3.574657142858004,3,14
vehG-14,466,4.038800000000002,4,15
vehG-0,483,3.749600000000002,3,16
vehG-15,588,4.9190000000000005,4,17
vehG-1,607,5.0,5,18
vehG-16,630,3.435000000008006,3,19
vehG-17,642,3.6663714285720053,3,20
vehG-18,658,3.8163714285720083,3,21
vehG-19,673,3.8072000000000026,3,22
vehG-20,689,4.263128571430008,4,23
vehG-2,702,3.7836428571440095,3,24
vehG-3,716,3.553200000004012,3,25
vehG-4,748,2.8241428571440017,2,26
vehG-5,768,1.694428571430002,1,27
vehG-6,799,2.8430999999999997,2,28
vehG-7,813,4.154342857144002,4,29
vehG-8,827,3.2656714285780075,3,30
vehG-9,862,2.0655,2,31
vehG-10,881,3.0536999999999996,3,32
vehG-11,895,3.420171428572,3,33
vehG-12,909,4.03204285714801,4,34
vehG-13,922,3.5780142857200095,3,35
vehG-14,943,1.6254285714300012,1,36
vehG-0,975,3.1599857142859995,3,37
vehG-15,988,3.884185714286,3,38
vehG-1,1001,4.270400000000002,4,39
vehG-16,1018,4.191471428574011,4,40
vehG-17,1033,3.621471428574009,3,41
vehG-18,1046,3.503785714290012,3,42
vehG-19,1107,2.1464999999999996,2,43
vehG-20,1122,3.3428999999999998,3,44
vehG-2,1133,3.7081571428600046,3,45
vehG-3,1147,2.4276428571480073,2,46
vehG-4,1197,1.1744999999999999,1,47
vehG-5,1213,3.6458999999999997,3,48
vehG-6,1225,3.722185714286,3,49
vehG-7,1238,3.8445857142860005,3,50
vehG-8,1250,4.038557142858001,4,51
vehG-9,1265,4.170300000002001,4,52
vehG-10,1279,3.9570857142920084,3,53
vehG-11,1292,3.876471428576008,3,54
vehG-12,1304,3.1473000000080096,3,55
vehG-13,1348,1.0935,1,56
vehG-14,1365,3.1346999999999996,3,57
vehG-0,1379,4.0947,4,58
vehG-15,1393,3.6342428571439997,3,59
vehG-1,1403,4.1313,4,60
vehG-16,1418,3.180214285716001,3,61
vehG-17,1430,3.2120000000040014,3,62
vehG-18,1444,2.7624000000060103,2,63
vehG-19,1499,2.4380999999999995,2,64
vehG-20,1513,3.2318999999999996,3,65
vehG-2,1525,3.0488000000040008,3,66
vehG-3,1538,4.105228571430003,4,67
vehG-4,1550,3.505485714286005,3,68
vehG-5,1617,2.4354285714300015,2,69
vehG-6,1631,4.200800000000003,4,70
vehG-7,1650,3.8072000000000035,3,71
vehG-8,1668,4.0394000000000005,4,72
vehG-9,1705,4.155200000000001,4,73
vehG-10,1730,3.4363142857160027,3,74
vehG-11,1747,2.494314285716004,2,75
vehG-12,1770,2.863400000002001,2,76
vehG-13,1785,2.8745571428620105,2,77
vehG-14,1800,3.5474142857200106,3,78
vehG-0,1850,1.6604999999999999,1,79
vehG-15,1864,2.771085714288,2,80
vehG-1,1880,3.5550285714300025,3,81
vehG-16,1894,4.130600000000003,4,82
vehG-17,1912,4.061000000000004,4,83
vehG-18,1929,3.5978857142860057,3,84
vehG-19,1946,3.187328571434009,3,85
vehG-20,2003,3.4025428571440015,3,86
vehG-2,2019,4.13215714286201,4,87
vehG-3,2035,4.08377142857601,4,88
vehG-4,2048,4.04284285714801,4,89
vehG-5,2082,4.004600000000001,4,90
vehG-6,2101,2.8380285714300015,2,91
vehG-7,2122,3.1307571428620093,3,92
vehG-8,2138,3.94697142857401,3,93
vehG-9,2155,2.559471428576009,2,94
vehG-10,2193,1.5795,1,95
vehG-11,2213,3.587685714286002,3,96
vehG-12,2230,3.9914142857180104,3,97
vehG-13,2247,3.631757142862009,3,98
vehG-14,2260,3.265500000006009,3,99
vehG-0,2309,1.1744999999999999,1,100
vehG-15,2325,3.1346999999999996,3,101
vehG-1,2340,2.7227571428579993,2,102
vehG-16,2353,3.0881857142900033,3,103
vehG-17,2370,1.3156714285780056,1,104
vehG-18,2399,3.3509999999999995,3,105
vehG-19,2412,3.1067571428579996,3,106
vehG-20,2426,3.7809428571440002,3,107
vehG-2,2437,3.257742857144,3,108
vehG-3,2449,3.174628571432004,3,109
vehG-4,2462,3.232314285718003,3,110
vehG-5,2476,3.8521142857160053,3,111
vehG-6,2489,3.97358571429001,3,112
vehG-7,2510,4.004600000000001,4,113
vehG-8,2531,3.5762857142860027,3,114
vehG-9,2557,1.1475714285740048,1,115
vehG-10,2583,3.2318999999999996,3,116
vehG-11,2596,2.392485714288005,2,117
vehG-12,2627,3.1390571428580007,3,118
vehG-13,2667,1.0287000000000002,1,119
vehG-14,2685,3.3243857142859996,3,120
vehG-0,2699,4.006671428572,4,121
vehG-15,2712,3.12972857143,3,122
vehG-1,2739,3.082657142860004,3,123
vehG-16,2754,4.037257142858006,4,124
vehG-17,2769,3.608942857144007,3,125
vehG-18,2783,4.05724285714401,4,126
vehG-19,2799,2.9579571428600095,2,127
vehG-20,2815,1.8008142857160097,1,128
vehG-2,2880,3.1427999999999994,3,129
vehG-3,2896,3.7998,3,130
vehG-4,2907,2.995842857143999,2,131
vehG-5,2920,3.2756142857200095,3,132
vehG-6,2932,3.7845428571480104,3,133
vehG-7,2947,3.217071428576009,3,134
vehG-8,2983,1.5795,1,135
vehG-9,3025,5.0,5,136
vehG-10,3064,4.271000000000001,4,137
vehG-12,3081,3.680600000000001,3,138
vehG-11,3099,3.790885714290006,3,139
vehG-13,3121,1.0935,1,140
vehG-14,3135,3.2790000000060058,3,141
vehG-0,3146,2.7244714285800056,2,142
vehG-15,3161,3.013928571438006,3,143
vehG-1,3177,2.5342714285820067,2,144
vehG-16,3190,2.154814285724008,2,145
vehG-17,3225,2.8511999999999995,2,146
vehG-18,3239,3.576385714286,3,147
vehG-19,3253,3.2593285714299998,3,148
vehG-20,3264,2.502814285718006,2,149
vehG-2,3279,2.8267285714340056,2,150
vehG-3,3327,2.3571,2,151
vehG-4,3342,2.965671428571999,2,152
vehG-5,3358,1.8375428571439993,1,153
vehG-6,3393,1.1744999999999999,1,154
vehG-7,3408,3.0374999999999996,3,155
vehG-8,3421,3.870385714286,3,156
vehG-9,3433,3.443057142858,3,157
vehG-10,3446,4.067657142858001,4,158
vehG-12,3458,3.8823428571440015,3,159
vehG-11,3471,4.052171428574002,4,160
vehG-13,3491,3.8455285714360095,3,161
vehG-14,3509,3.750514285722007,3,162
vehG-0,3523,2.5945285714380084,2,163
vehG-15,3559,2.241114285716001,2,164
vehG-1,3574,3.4675142857160037,3,165
vehG-16,3589,4.013442857144009,4,166
vehG-17,3603,2.9836714285740107,2,167
vehG-18,3647,2.0655,2,168
vehG-19,3665,4.0622000000000025,4,169
vehG-20,3687,3.912200000000001,3,170
vehG-2,3706,3.7709428571440062,3,171
vehG-3,3747,3.669285714286001,3,172
vehG-4,3765,3.865400000000002,3,173
vehG-5,3782,4.177400000000002,4,174
vehG-6,3798,4.188800000000006,4,175
vehG-7,3820,2.4391142857160024,2,176
vehG-8,3883,2.4817142857160017,2,177
vehG-9,3898,4.026285714286003,4,178
vehG-10,3925,3.998085714290004,3,179
vehG-12,3936,3.680185714294006,3,180
vehG-11,3969,2.8312571428580013,2,181
vehG-13,3992,4.154171428572006,4,182
vehG-14,4005,3.783800000000003,3,183
vehG-0,4020,3.700414285716012,3,184
vehG-15,4057,3.7154000000000007,3,185
vehG-1,4076,2.843442857144002,2,186
vehG-16,4117,1.6604999999999999,1,187
vehG-17,4131,3.3695428571460027,3,188
vehG-18,4145,3.8620571428580046,3,189
vehG-19,4161,4.150157142858009,4,190
vehG-20,4174,3.678300000002011,3,191
vehG-2,4203,3.7040000000000006,3,192
vehG-3,4232,3.6458857142860026,3,193
vehG-4,4254,2.7964571428580016,2,194
vehG-5,4270,3.1312714285740118,3,195
vehG-6,4283,3.02001428571801,3,196
vehG-7,4348,4.352,4,197
vehG-8,4365,3.692000000000001,3,198
vehG-9,4381,4.143200000000002,4,199
vehG-10,4445,4.838000000000001,4,200
vehG-12,4477,4.23501428571801,4,201
vehG-11,4497,4.052785714290007,4,202
vehG-13,4510,3.7306714285760085,3,203
vehG-14,4523,3.690000000006009,3,204
vehG-0,4537,2.3741571428640107,2,205
vehG-15,4581,2.3651999999999997,2,206
vehG-1,4597,3.049071428571999,3,207
vehG-16,4610,2.8449714285740018,2,208
vehG-17,4626,3.002785714294007,3,209
vehG-18,4664,2.6487,2,210
vehG-19,4679,3.3752999999999997,3,211
vehG-20,4692,3.0095571428579997,3,212
vehG-2,4705,4.1199,4,213
vehG-3,4719,4.0479,4,214
vehG-4,4733,4.0622000000000025,4,215
vehG-5,4752,3.9812000000000016,3,216
vehG-6,4804,4.676,4,217
vehG-7,4820,3.7154000000000007,3,218
vehG-8,4839,3.322057142858001,3,219
vehG-9,4910,2.791828571430001,2,220
vehG-10,4937,3.1645142857160016,3,221
vehG-12,4951,2.823542857144002,2,222
vehG-11,4970,3.795885714286003,3,223
vehG-13,5022,3.240971428572001,3,224
vehG-14,5041,3.5873428571440025,3,225
vehG-0,5059,3.888800000000002,3,226
vehG-15,5077,4.081800000008005,4,227
vehG-1,5094,3.1474571428600018,3,228
vehG-16,5182,4.595000000000001,4,229
vehG-17,5225,5.0,5,230
vehG-18,5247,4.676,4,231
vehG-19,5263,4.039400000000001,4,232
vehG-20,5279,3.888800000000001,3,233
vehG-2,5299,3.1599714285720006,3,234
vehG-3,5357,2.3571,2,235
vehG-4,5370,3.2595857142859996,3,236
vehG-5,5384,3.4605857142859997,3,237
vehG-6,5400,4.0990714285720005,4,238
vehG-7,5412,3.8186000000040017,3,239
vehG-8,5425,3.1997571428620124,3,240
vehG-9,5440,3.2198142857200107,3,241
vehG-10,5474,3.252371428572001,3,242
vehG-12,5513,3.9812000000000034,3,243
vehG-11,5530,4.189400000000002,4,244
vehG-13,5548,4.058228571434007,4,245
vehG-14,5561,2.8020428571500102,2,246
vehG-0,5599,2.6487,2,247
vehG-15,5616,2.8974857142859993,2,248
vehG-1,5627,3.1251714285739998,3,249
vehG-16,5641,3.055314285716001,3,250
vehG-17,5657,3.6684285714300016,3,251
vehG-18,5672,3.9712714285740094,3,252
vehG-19,5686,3.6001714285760116,3,253
vehG-20,5727,3.148571428576006,3,254
vehG-2,5743,3.9430571428580072,3,255
vehG-3,5758,3.9876428571440083,3,256
vehG-4,5772,3.1801285714300076,3,257
vehG-5,5785,2.58312857143201,2,258
vehG-6,5801,1.0641000000020093,1,259
vehG-7,5858,2.9622857142859993,2,260
vehG-8,5872,2.6672428571460043,2,261
vehG-9,5887,3.6823142857160036,3,262
vehG-10,5899,3.563600000002003,3,263
vehG-12,5912,3.552385714290009,3,264
vehG-11,5928,2.355814285720009,2,265
vehG-13,5974,3.1427999999999994,3,266
vehG-14,5987,3.9675000000000002,3,267
vehG-0,5998,3.132200000002,3,268
vehG-15,6014,4.200800000000002,4,269
vehG-1,6047,3.217585714294009,3,270
vehG-16,6059,3.88067142857801,3,271
vehG-17,6073,3.866357142864009,3,272
vehG-18,6099,3.957971428572002,3,273
vehG-19,6120,3.1390571428580007,3,274
vehG-20,6149,1.6604999999999999,1,275
vehG-2,6163,3.2233285714320123,3,276
vehG-3,6177,1.9855142857160029,1,277
vehG-4,6235,3.2294999999999994,3,278
vehG-5,6249,4.0623,4,279
vehG-6,6263,3.8074714285720006,3,280
vehG-7,6276,3.6453857142860002,3,281
vehG-8,6289,3.8679000000040085,3,282
vehG-9,6301,4.107171428578008,4,283
vehG-10,6315,3.077957142864008,3,284
vehG-12,6358,2.5515,2,285
vehG-11,6373,4.0947,4,286
vehG-13,6386,3.869957142858001,3,287
vehG-14,6401,3.1593000000020006,3,288
vehG-0,6414,4.137000000002001,4,289
vehG-15,6426,3.3649142857180006,3,290
vehG-1,6440,3.056514285720005,3,291
vehG-16,6487,2.1464999999999996,2,292
vehG-17,6503,3.2814857142859997,3,293
vehG-18,6517,4.114285714286,4,294
vehG-19,6527,4.133871428572,4,295
vehG-20,6541,3.962357142858001,3,296
vehG-2,6551,4.017714285716003,4,297
vehG-3,6565,3.283485714290003,3,298
vehG-4,6603,3.219200000002005,3,299
vehG-5,6633,1.2552285714300013,1,300
vehG-6,6649,4.1068571428600045,4,301
vehG-7,6664,3.74661428571801,3,302
vehG-8,6679,3.7102285714340097,3,303
vehG-9,6720,1.0935,1,304
vehG-10,6735,2.6487,2,305
vehG-12,6749,3.673585714286,3,306
vehG-11,6766,4.038800000000004,4,307
vehG-13,6786,4.016000000000003,4,308
vehG-14,6802,4.271000000000001,4,309
vehG-0,6819,4.398200000000001,4,310
vehG-15,6837,3.687471428582003,3,311
vehG-1,6852,3.2049857142960056,3,312
vehG-16,6880,1.5795,1,313
vehG-17,6899,3.957800000000002,3,314
vehG-18,6914,4.107800000000003,4,315
vehG-19,6931,3.8186000000000027,3,316
vehG-20,6948,3.421671428576007,3,317
vehG-2,6962,2.369657142864005,2,318
vehG-3,7014,3.053699999999999,3,319
vehG-4,7028,4.1838,4,320
vehG-5,7038,3.7377714285720023,3,321
vehG-6,7053,4.038200000000003,4,322
vehG-7,7068,4.166271428572011,4,323
vehG-8,7083,4.0780714285720085,4,324
vehG-9,7095,3.14087142857401,3,325
vehG-10,7113,1.167514285718008,1,326
vehG-12,7166,2.743585714285999,2,327
vehG-11,7179,2.8539714285740008,2,328
vehG-13,7193,4.107800000000003,4,329
vehG-14,7210,3.587685714286002,3,330
vehG-0,7253,2.777942857144001,2,331
vehG-15,7271,4.177400000000006,4,332
vehG-1,7290,4.039400000000001,4,333
vehG-16,7315,3.5304428571480098,3,334
vehG-17,7330,3.133500000006012,3,335
vehG-18,7351,2.1761428571440016,2,336
vehG-19,7391,2.9402999999999997,2,337
vehG-20,7402,2.9908571428600004,2,338
vehG-2,7416,3.068857142860002,3,339
vehG-3,7431,3.42295714286201,3,340
vehG-4,7447,2.059157142862011,2,341
vehG-5,7499,2.2923,2,342
vehG-6,7514,3.8541,3,343
vehG-7,7525,2.9215142857179996,2,344
vehG-8,7538,3.691485714286003,3,345
vehG-9,7556,3.8186000000000027,3,346
vehG-10,7572,4.12641428571801,4,347
vehG-12,7585,3.928200000004009,3,348
vehG-11,7598,3.121842857148012,3,349
vehG-13,7614,2.9789142857200095,2,350
vehG-14,7652,2.151628571432004,2,351
vehG-0,7668,2.9847714285740023,2,352
vehG-15,7684,3.501557142860009,3,353
vehG-1,7697,3.2883857142900097,3,354
vehG-16,7740,2.0655,2,355
vehG-17,7756,3.528842857144001,3,356
vehG-18,7769,3.9601142857160014,3,357
vehG-19,7788,3.7857714285740043,3,358
vehG-20,7801,4.03435714286001,4,359
vehG-2,7814,3.7584428571460116,3,360
vehG-3,7865,4.189400000000002,4,361
vehG-4,7904,3.821957142868003,3,362
vehG-5,7917,3.7866428571540074,3,363
vehG-6,7929,3.488571428584009,3,364
vehG-7,7945,1.6572428571540054,1,365
vehG-8,7970,3.2164571428620046,3,366
vehG-9,7983,4.107885714286003,4,367
vehG-10,8000,4.200800000000003,4,368
vehG-12,8017,2.3465571428640097,2,369
vehG-11,8054,1.2959999999999998,1,370
vehG-13,8068,2.5653857142859997,2,371
vehG-14,8084,3.8193,3,372
vehG-0,8098,4.182471428572,4,373
vehG-15,8111,3.7055571428580008,3,374
vehG-1,8124,4.200028571430003,4,375
vehG-16,8137,3.9473428571460025,3,376
vehG-17,8150,2.9765428571460073,2,377
vehG-18,8190,1.0935,1,378
vehG-19,8211,2.8754999999999997,2,379
vehG-20,8223,2.995842857143999,2,380
vehG-2,8237,3.9742714285719996,3,381
vehG-3,8248,3.9500000000040028,3,382
vehG-4,8260,2.6093428571460042,2,383
vehG-5,8273,3.124142857144003,3,384
vehG-6,8291,3.2158571428580043,3,385
vehG-7,8314,1.0282571428580018,1,386
vehG-8,8396,4.676,4,387
vehG-9,8414,4.104685714292004,4,388
vehG-10,8427,4.628100000004001,4,389
vehG-12,8440,3.9076714285760006,3,390
vehG-11,8452,4.173128571434003,4,391
vehG-13,8464,4.096671428576005,4,392
vehG-14,8476,4.094100000006004,4,393
vehG-0,8489,3.3453857142900105,3,394
vehG-15,8501,3.86532857143201,3,395
vehG-1,8514,4.192200000004011,4,396
vehG-16,8525,4.202528571432011,4,397
vehG-17,8537,2.3597142857180105,2,398
vehG-18,8560,2.1185428571440017,2,399
vehG-19,8602,3.1427999999999994,3,400
vehG-20,8615,2.9680714285719993,2,401
vehG-2,8629,2.923757142858,2,402
vehG-3,8645,1.2069285714320008,1,403
vehG-4,8693,3.4376999999999995,3,404
vehG-5,8708,4.076185714286,4,405
vehG-6,8720,3.9289714285720003,3,406
vehG-7,8733,3.0528714285760037,3,407
vehG-8,8750,2.776071428578008,2,408
vehG-9,8791,2.3571,2,409
vehG-10,8805,2.9680714285719993,2,410
vehG-12,8818,3.125000000002001,3,411
vehG-11,8831,3.265400000002003,3,412
vehG-13,8846,4.0941857142880105,4,413
vehG-14,8859,2.724214285718011,2,414
vehG-0,8917,1.134,1,415
vehG-15,8934,3.2457857142859994,3,416
vehG-1,8949,3.1043571428579995,3,417
vehG-16,8961,3.212957142858,3,418
vehG-17,8975,2.995414285716,2,419
vehG-18,8991,4.065714285718003,4,420
vehG-19,9017,3.185257142858003,3,421
vehG-20,9041,3.085742857144001,3,422
vehG-2,9057,3.1776285714300028,3,423
vehG-3,9074,2.7306285714300027,2,424
vehG-4,9089,4.14501428571801,4,425
vehG-5,9107,2.510228571434009,2,426
vehG-6,9155,1.0935,1,427
vehG-7,9173,2.9651428571440017,2,428
vehG-8,9188,4.188885714286003,4,429
vehG-9,9201,3.7602000000040086,3,430
vehG-10,9216,3.3616285714340113,3,431
vehG-12,9243,3.7502000000000013,3,432
vehG-11,9273,3.402885714286001,3,433
vehG-13,9293,2.333257142858002,2,434
vehG-14,9309,3.308942857144004,3,435
vehG-0,9326,3.120042857148011,3,436
vehG-15,9377,1.5795,1,437
vehG-1,9394,2.3004,2,438
vehG-16,9408,3.2687571428579996,3,439
vehG-17,9423,3.715071428572,3,440
vehG-18,9435,3.4765285714300003,3,441
vehG-19,9447,3.4792142857180015,3,442
vehG-20,9461,2.9723571428620095,2,443
vehG-2,9500,2.0817,2,444
vehG-3,9515,3.2272714285719992,3,445
vehG-4,9529,4.004000000000001,4,446
vehG-5,9548,4.004600000000001,4,447
vehG-6,9563,4.585928571430011,4,448
vehG-7,9581,4.10352857143001,4,449
vehG-8,9617,3.287257142858001,3,450
vehG-9,9642,3.185342857144001,3,451
vehG-10,9699,1.0935,1,452
vehG-12,9714,2.9541857142859995,2,453
vehG-11,9728,3.7812857142859997,3,454
vehG-13,9741,3.573985714286,3,455
vehG-14,9753,4.1153571428580005,4,456
vehG-0,9765,3.3191571428580007,3,457
vehG-15,9780,3.4627142857199993,3,458
vehG-1,9793,2.9598285714340014,2,459
vehG-16,9806,4.084657142858003,4,460
vehG-17,9820,4.051114285716009,4,461
vehG-18,9834,4.04880000000201,4,462
vehG-19,9857,3.139142857144001,3,463
vehG-20,9902,2.0655,2,464
vehG-2,9915,2.9680714285719993,2,465
vehG-3,9929,3.0652714285719993,3,466
vehG-4,9945,3.0614000000040025,3,467
vehG-5,9994,1.1744999999999999,1,468
vehG-6,10011,2.176585714286,2,469
vehG-7,10026,3.827485714286,3,470
vehG-8,10039,3.5646428571440003,3,471
vehG-9,10053,3.84912857143,3,472
vehG-10,10066,3.68567142858001,3,473
vehG-12,10080,2.4988285714340064,2,474
vehG-11,10095,3.2259000000060087,3,475
vehG-13,10143,1.0124999999999997,1,476
vehG-14,10160,3.4700999999999995,3,477
vehG-0,10173,3.120557142858,3,478
vehG-15,10185,3.6010571428580023,3,479
vehG-1,10199,4.107800000000004,4,480
vehG-16,10216,3.6999000000040088,3,481
vehG-17,10236,2.4241285714340077,2,482
vehG-18,10266,3.388828571430001,3,483
vehG-19,10285,4.096142857144005,4,484
vehG-20,10303,3.736400000000004,3,485
vehG-2,10319,3.5433857142900096,3,486
vehG-3,10355,1.0935,1,487
vehG-4,10370,2.3571,2,488
vehG-5,10384,3.184457142857999,3,489
vehG-6,10412,4.120400000000001,4,490
vehG-7,10429,4.073600000000002,4,491
vehG-8,10450,4.190000000000003,4,492
vehG-9,10515,3.796400000000001,3,493
vehG-10,10532,2.986057142858002,2,494
vehG-12,10553,1.7524285714320091,1,495
vehG-11,10580,3.2598428571480045,3,496
vehG-13,10633,4.514000000000001,4,497
vehG-14,10668,3.7502000000000013,3,498
vehG-0,10688,4.120400000000001,4,499
vehG-15,10725,4.190000000000001,4,500
vehG-1,10744,3.4952857142860014,3,501
vehG-16,10761,4.050200000000002,4,502
vehG-17,10779,4.084485714286004,4,503
vehG-18,10795,2.4947428571440033,2,504
vehG-19,10852,3.021299999999999,3,505
vehG-20,10867,4.0623,4,506
vehG-2,10878,3.879385714286,3,507
vehG-3,10890,4.125414285716003,4,508
vehG-4,10904,3.7604857142880044,3,509
vehG-5,10919,3.4885142857180047,3,510
vehG-6,10951,3.217657142858002,3,511
vehG-7,10980,1.0935,1,512
vehG-8,10998,4.061342857144004,4,513
vehG-9,11013,3.7372571428580046,3,514
vehG-10,11030,3.6327714285720054,3,515
vehG-12,11052,3.007071428578008,3,516
vehG-11,11090,2.4380999999999995,2,517
vehG-13,11103,2.712885714288001,2,518
vehG-14,11117,2.7446000000020043,2,519
vehG-0,11131,2.6333428571440054,2,520
vehG-15,11146,3.2284571428580033,3,521
vehG-1,11207,2.051428571430001,2,522
vehG-16,11222,3.2449142857160016,3,523
vehG-17,11238,4.143200000000002,4,524
vehG-18,11257,2.430457142858002,2,525
vehG-19,11303,3.7148857142860034,3,526
vehG-20,11323,3.692000000000001,3,527
vehG-2,11342,3.912200000000001,3,528
vehG-3,11362,4.120400000000001,4,529
vehG-4,11379,4.016000000000001,4,530
vehG-5,11408,3.4376857142860007,3,531
vehG-6,11426,3.043657142858003,3,532
vehG-7,11465,2.1627,2,533
vehG-8,11481,2.9946857142859993,2,534
vehG-9,11517,3.912200000000001,3,535
vehG-10,11534,3.136571428572001,3,536
vehG-12,11562,1.0935,1,537
vehG-11,11575,3.0368000000020015,3,538
vehG-13,11621,4.004600000000001,4,539
vehG-14,11638,4.108400000000002,4,540
vehG-0,11654,4.038800000000002,4,541
vehG-15,11674,3.7023714285720066,3,542
vehG-1,11703,3.7154000000000016,3,543
vehG-16,11717,3.415757142862008,3,544
vehG-17,11735,1.1721428571500119,1,545
vehG-18,11771,3.1529428571440006,3,546
vehG-19,11785,2.953228571430002,2,547
vehG-20,11799,3.6794000000000056,3,548
vehG-2,11815,4.037600000000006,4,549
vehG-3,11835,3.2936142857200084,3,550
vehG-4,11885,2.0817,2,551
vehG-5,11898,3.1624714285719993,3,552
vehG-6,11914,3.111557142857999,3,553
vehG-7,11929,3.6266857142880022,3,554
vehG-8,11940,3.963800000004003,3,555
vehG-9,11951,3.4289428571460037,3,556
vehG-10,11965,2.8572285714300043,2,557
vehG-12,11980,2.791585714288009,2,558
vehG-11,11994,3.0246428571460093,3,559
vehG-13,12050,2.4380999999999995,2,560
vehG-14,12065,3.257271428571999,3,561
vehG-0,12079,3.9232714285720003,3,562
vehG-15,12091,3.8982428571460086,3,563
vehG-1,12105,3.4900714285760075,3,564
vehG-16,12120,2.0785285714360087,2,565
vehG-17,12162,2.4380999999999995,2,566
vehG-18,12176,3.0513857142859995,3,567
vehG-19,12190,2.5931571428579994,2,568
vehG-20,12204,2.4762857142879984,2,569
vehG-2,12221,3.424057142860003,3,570
vehG-3,12256,2.4380999999999995,2,571
vehG-4,12271,3.0904714285719996,3,572
vehG-5,12284,3.304371428572,3,573
vehG-6,12299,3.8733428571440007,3,574
vehG-7,12313,3.2241857142879997,3,575
vehG-8,12328,3.790142857146003,3,576
vehG-9,12338,3.4132571428600023,3,577
vehG-10,12351,3.1156714285780094,3,578
vehG-12,12401,1.5795,1,579
vehG-11,12418,3.053699999999999,3,580
vehG-13,12433,3.1738714285719993,3,581
vehG-14,12446,3.9951857142860003,3,582
vehG-0,12459,4.1547,4,583
vehG-15,12472,3.751571428574003,3,584
vehG-1,12486,3.9807857142940075,3,585
vehG-16,12498,3.5455285714360074,3,586
vehG-17,12541,1.0935,1,587
vehG-18,12559,3.3509999999999995,3,588
vehG-19,12582,4.559771428572002,4,589
vehG-20,12599,4.188800000000002,4,590
vehG-2,12617,3.904114285720006,3,591
vehG-3,12634,3.6876428571500055,3,592
vehG-4,12653,3.702885714286003,3,593
vehG-5,12683,1.0935,1,594
vehG-6,12695,2.998828571432005,2,595
vehG-7,12710,1.1340857142880103,1,596
vehG-8,12750,2.8245857142859996,2,597
vehG-9,12766,3.539271428572,3,598
vehG-10,12778,3.6988714285720006,3,599
vehG-12,12856,3.901485714292002,3,600
vehG-11,12868,3.6840285714339993,3,601
vehG-13,12879,3.7529571428640054,3,602
vehG-14,12892,2.994985714294006,2,603
vehG-0,12921,1.2554999999999998,1,604
vehG-15,12937,3.1526000000020016,3,605
vehG-1,12947,3.0836857142880003,3,606
vehG-16,12963,3.997628571430011,3,607
vehG-17,12977,4.063285714286011,4,608
vehG-18,12993,4.080300000000009,4,609
vehG-19,13009,2.4925285714300096,2,610
vehG-20,13070,2.4380999999999995,2,611
vehG-2,13085,3.576385714286,3,612
vehG-3,13099,3.5369571428580002,3,613
vehG-4,13112,3.9444285714320064,3,614
vehG-5,13127,2.8852285714340087,2,615
vehG-6,13142,1.1499857142900085,1,616
vehG-7,13195,3.0374999999999996,3,617
vehG-8,13210,3.5973857142859997,3,618
vehG-9,13225,3.8593142857180043,3,619
vehG-10,13237,4.143028571432006,4,620
vehG-12,13250,4.199014285716008,4,621
vehG-11,13263,3.6006857142880073,3,622
vehG-13,13277,3.749528571432008,3,623
vehG-14,13293,3.7214142857200088,3,624
vehG-0,13309,2.0041285714360084,2,625
