
vehG-0,319,1.0935,1,1
vehG-1,337,3.1427999999999994,3,2
vehG-2,350,3.2872714285719997,3,3
vehG-3,363,3.6526714285720003,3,4
vehG-4,375,3.4279285714299994,3,5
vehG-5,387,3.062100000002,3,6
vehG-6,401,3.416185714288,3,7
vehG-7,414,4.158385714288001,4,8
vehG-8,428,4.1673857142880015,4,9
vehG-9,440,2.8690714285740024,2,10
vehG-10,454,3.2413285714320024,3,11
vehG-11,471,1.0776428571480028,1,12
vehG-12,524,3.3509999999999995,3,13
vehG-13,538,4.0785,4,14
vehG-14,552,4.069071428572,4,15
vehG-15,565,3.823842857144,3,16
vehG-16,577,3.8871428571440005,3,17
vehG-17,590,2.8097571428600006,2,18
vehG-18,606,2.0078571428600003,2,19
vehG-19,675,2.3571,2,20
vehG-20,687,3.1624714285719993,3,21
vehG-21,702,3.014357142857999,3,22
vehG-22,717,3.1740428571439985,3,23
vehG-23,782,2.0655,2,24
vehG-0,800,3.7269,3,25
vehG-1,815,2.910042857143999,2,26
vehG-2,874,2.4380999999999995,2,27
vehG-3,889,2.9679857142859998,2,28
vehG-4,902,3.287442857143999,3,29
vehG-5,917,2.718128571429999,2,30
vehG-6,930,2.9541857142879984,2,31
vehG-7,946,3.100885714287999,3,32
vehG-8,960,2.687700000003998,2,33
vehG-9,975,2.7396857142899984,2,34
vehG-10,1041,2.4380999999999995,2,35
vehG-11,1056,3.697885714286,3,36
vehG-12,1069,3.800871428572,3,37
vehG-13,1082,4.001785714286,4,38
vehG-14,1094,3.821185714286001,3,39
vehG-15,1106,3.233357142858001,3,40
vehG-16,1119,3.4991571428580017,3,41
vehG-17,1135,3.1635000000020015,3,42
vehG-18,1149,3.1830857142880014,3,43
vehG-19,1195,1.5147000000000002,1,44
vehG-20,1211,3.1599857142859995,3,45
vehG-21,1226,3.8365714285720003,3,46
vehG-22,1239,3.57852857143,3,47
vehG-23,1253,3.022928571430001,3,48
vehG-0,1306,2.0655,2,49
vehG-1,1320,2.8569857142859996,2,50
vehG-2,1332,3.495642857143999,3,51
vehG-3,1345,3.127242857144,3,52
vehG-4,1358,4.191471428572001,4,53
vehG-5,1372,4.144842857144001,4,54
vehG-6,1383,2.9067000000020013,2,55
vehG-7,1399,3.017700000004001,3,56
vehG-8,1439,1.7414999999999998,1,57
vehG-9,1455,3.243385714285999,3,58
vehG-10,1470,3.208757142857999,3,59
vehG-11,1484,3.9789000000000008,3,60
vehG-12,1497,3.620271428572,3,61
vehG-13,1511,2.384785714287999,2,62
vehG-14,1522,1.1440571428619992,1,63
vehG-15,1588,2.4947999999999997,2,64
vehG-16,1602,3.331071428572,3,65
vehG-17,1615,3.4260428571439996,3,66
vehG-18,1629,3.6895285714300003,3,67
vehG-19,1643,3.9813000000019994,3,68
vehG-20,1654,4.071800000008002,4,69
vehG-21,1669,3.007414285724005,3,70
vehG-22,1725,2.0655,2,71
vehG-23,1744,3.3672,3,72
vehG-0,1753,3.009728571429999,3,73
vehG-1,1765,4.115271428572001,4,74
vehG-2,1777,3.0602142857159995,3,75
vehG-3,1790,3.4242000000020005,3,76
vehG-4,1803,3.2238428571440014,3,77
vehG-5,1816,3.311528571430002,3,78
vehG-6,1831,3.022414285716001,3,79
vehG-7,1869,2.3571,2,80
vehG-8,1889,3.075685714285999,3,81
vehG-9,1902,3.204042857143999,3,82
vehG-10,1915,4.048071428572,4,83
vehG-11,1930,3.7204285714300007,3,84
vehG-12,1942,3.173014285716001,3,85
vehG-13,1955,2.7586714285740013,2,86
vehG-14,2012,2.4543,2,87
vehG-15,2026,3.1346999999999996,3,88
vehG-16,2038,3.5094428571439993,3,89
vehG-17,2051,3.467871428573998,3,90
vehG-18,2062,3.401571428573999,3,91
vehG-19,2076,3.531985714288,3,92
vehG-20,2090,2.69875714286,2,93
vehG-21,2131,1.5795,1,94
vehG-22,2145,2.9680714285719993,2,95
vehG-23,2161,2.8822714285719995,2,96
vehG-0,2173,3.307671428572,3,97
vehG-1,2190,3.489000000002001,3,98
vehG-2,2205,3.70075714286,3,99
vehG-3,2218,3.1849285714319997,3,100
vehG-4,2278,1.5795,1,101
vehG-5,2296,3.067585714285999,3,102
vehG-6,2311,3.187757142857999,3,103
vehG-7,2324,4.095771428572,4,104
vehG-8,2337,4.059642857144,4,105
vehG-9,2349,3.9345857142880005,3,106
vehG-10,2359,3.288642857144001,3,107
vehG-11,2374,2.0087571428600013,2,108
vehG-12,2405,3.021299999999999,3,109
vehG-13,2417,3.578785714286,3,110
vehG-14,2432,3.3264428571439995,3,111
vehG-15,2444,3.788957142858,3,112
vehG-16,2458,3.6913285714300015,3,113
vehG-17,2470,3.8175428571440007,3,114
vehG-18,2483,3.7398428571440014,3,115
vehG-19,2497,4.167557142858002,4,116
vehG-20,2510,4.044814285716002,4,117
vehG-21,2524,3.447557142860003,3,118
vehG-22,2540,3.1095857142900014,3,119
vehG-23,2583,2.1464999999999996,2,120
vehG-0,2598,3.243385714285999,3,121
vehG-1,2613,2.8475571428579998,2,122
vehG-2,2626,4.023042857144,4,123
vehG-3,2642,3.755228571430001,3,124
vehG-4,2657,2.3848714285739985,2,125
vehG-5,2707,2.1464999999999996,2,126
vehG-6,2722,3.7674,3,127
vehG-7,2738,3.8099571428580004,3,128
vehG-8,2751,4.072542857144,4,129
vehG-9,2763,4.142871428572001,4,130
vehG-10,2781,2.0574428571460013,2,131
vehG-11,2822,2.6567999999999996,2,132
vehG-12,2838,3.9003857142859997,3,133
vehG-13,2850,4.085185714286,4,134
vehG-14,2863,4.067657142858001,4,135
vehG-15,2878,3.215014285716,3,136
vehG-16,2892,3.0339857142880016,3,137
vehG-17,2905,3.267900000002001,3,138
vehG-18,2918,2.1358714285740015,2,139
vehG-19,2945,2.8511999999999995,2,140
vehG-20,2960,3.3891857142859996,3,141
vehG-21,2974,1.9656428571439999,1,142
vehG-22,2988,3.009728571429999,3,143
vehG-23,3003,3.1822571428600015,3,144
vehG-0,3017,3.191171428574004,3,145
vehG-1,3033,1.908457142858005,1,146
vehG-2,3139,3.0374999999999996,3,147
vehG-3,3152,2.801442857143999,2,148
vehG-4,3166,3.051042857144,3,149
vehG-5,3180,3.1485857142879983,3,150
vehG-6,3220,1.6604999999999999,1,151
vehG-7,3236,3.0732857142859995,3,152
vehG-8,3252,2.882357142857999,2,153
vehG-9,3267,2.8847571428579992,2,154
vehG-10,3282,3.239828571429999,3,155
vehG-11,3295,3.079157142859998,3,156
vehG-12,3309,2.801442857145998,2,157
vehG-13,3324,2.518585714289999,2,158
vehG-14,3351,2.7296999999999993,2,159
vehG-15,3367,3.257271428571999,3,160
vehG-16,3381,3.3678428571440002,3,161
vehG-17,3395,4.002042857143999,4,162
vehG-18,3408,3.6153000000020006,3,163
vehG-19,3419,3.7710857142880014,3,164
vehG-20,3432,2.8930714285740002,2,165
vehG-21,3446,2.3376428571460006,2,166
vehG-22,3510,2.3408999999999995,2,167
vehG-23,3527,3.7269,3,168
vehG-0,3540,3.1725428571439993,3,169
vehG-1,3553,4.145357142858,4,170
vehG-2,3568,3.3735428571440003,3,171
vehG-3,3582,4.144842857144001,4,172
vehG-4,3597,2.624785714288001,2,173
vehG-5,3611,2.7856285714319995,2,174
vehG-6,3625,3.138114285720001,3,175
vehG-7,3639,2.8691571428660043,2,176
vehG-8,3655,2.167842857152004,2,177
vehG-9,3720,3.053699999999999,3,178
vehG-10,3733,3.1900714285719998,3,179
vehG-11,3747,4.006671428571999,4,180
vehG-12,3761,2.925900000002,2,181
vehG-13,3775,2.3600571428599992,2,182
vehG-14,3789,3.4475142857179994,3,183
vehG-15,3805,2.4123000000039987,2,184
vehG-16,3878,3.3104999999999998,3,185
vehG-17,3891,4.1838,4,186
vehG-18,3907,3.4893428571440004,3,187
vehG-19,3919,3.1712142857159997,3,188
vehG-20,3933,3.2517000000020007,3,189
vehG-21,3948,2.8178571428600003,2,190
vehG-22,3990,2.268,2,191
vehG-23,4005,3.5591999999999997,3,192
vehG-0,4020,3.3959571428579993,3,193
vehG-1,4033,2.8242428571439997,2,194
vehG-2,4047,3.531000000002,3,195
vehG-3,4061,2.918957142859999,2,196
vehG-4,4109,2.1464999999999996,2,197
vehG-5,4123,3.8541,3,198
vehG-6,4134,3.833100000000001,3,199
vehG-7,4147,4.1313,4,200
vehG-8,4159,4.05972857143,4,201
vehG-9,4172,3.706371428574001,3,202
vehG-10,4185,2.6961857142880006,2,203
vehG-11,4199,2.846785714288,2,204
vehG-12,4213,3.443614285718,3,205
vehG-13,4226,3.101014285718,3,206
vehG-14,4240,2.4663000000100035,2,207
vehG-15,4255,3.1911857142980016,3,208
vehG-16,4325,1.6604999999999999,1,209
vehG-17,4340,3.2814857142859997,3,210
vehG-18,4353,3.8146714285720003,3,211
vehG-19,4364,4.0990714285720005,4,212
vehG-20,4377,3.6892714285720007,3,213
vehG-21,4388,3.7816714285720012,3,214
vehG-22,4401,3.485357142858002,3,215
vehG-23,4416,4.061100000002002,4,216
vehG-0,4429,1.9785000000020017,1,217
vehG-1,4487,3.021299999999999,3,218
vehG-2,4502,3.6483,3,219
vehG-3,4515,2.912528571429999,2,220
vehG-4,4530,3.257014285715999,3,221
vehG-5,4608,2.0655,2,222
vehG-6,4625,3.2618999999999994,3,223
vehG-7,4637,3.9999000000000002,4,224
vehG-8,4649,3.995185714286,3,225
vehG-9,4665,3.430414285716,3,226
vehG-10,4677,3.9369000000020002,3,227
vehG-11,4689,3.166157142860001,3,228
vehG-12,4703,2.927614285718,2,229
vehG-13,4758,1.3203,1,230
vehG-14,4775,3.6782999999999997,3,231
vehG-15,4788,4.076185714286,4,232
vehG-16,4801,3.7578000000000005,3,233
vehG-17,4814,3.7705285714300008,3,234
vehG-18,4827,3.7794428571440006,3,235
vehG-19,4841,3.1376857142900025,3,236
vehG-20,4907,2.0655,2,237
vehG-21,4920,2.5792714285719995,2,238
vehG-22,4935,3.9579857142860004,3,239
vehG-23,4950,3.4118142857160003,3,240
vehG-0,4965,3.1595571428599993,3,241
vehG-1,4979,1.7872714285739997,1,242
vehG-2,4993,3.256585714289999,3,243
vehG-3,5045,2.4380999999999995,2,244
vehG-4,5059,3.4400999999999997,3,245
vehG-5,5073,3.7706999999999997,3,246
vehG-6,5087,3.552985714286,3,247
vehG-7,5101,4.0617857142860005,4,248
vehG-8,5115,3.682157142858001,3,249
vehG-9,5129,4.091528571430001,4,250
vehG-10,5141,4.135328571430001,4,251
vehG-11,5155,3.9871285714300018,3,252
vehG-12,5170,2.767328571432002,2,253
vehG-13,5201,1.0124999999999997,1,254
vehG-14,5220,3.3243857142859996,3,255
vehG-15,5233,2.8429285714299994,2,256
vehG-16,5245,3.2130428571439995,3,257
vehG-17,5259,3.9845142857159996,3,258
vehG-18,5275,4.186414285716002,4,259
vehG-19,5286,2.609571428574001,2,260
vehG-20,5299,2.41195714286,2,261
vehG-21,5314,2.976642857147999,2,262
vehG-22,5327,2.9073000000059976,2,263
vehG-23,5393,2.2436999999999996,2,264
vehG-0,5406,3.1485857142859994,3,265
vehG-1,5421,4.008,4,266
vehG-2,5433,2.898642857143999,2,267
vehG-3,5446,3.97872857143,3,268
vehG-4,5457,3.055414285716,3,269
vehG-5,5472,2.580900000002,2,270
vehG-6,5485,3.233914285718001,3,271
vehG-7,5499,2.8119000000040004,2,272
vehG-8,5514,3.14498571429,3,273
vehG-9,5531,1.1617285714340007,1,274
vehG-10,5570,2.2923,2,275
vehG-11,5587,2.020371428571999,2,276
vehG-12,5602,4.060971428572,4,277
vehG-13,5614,3.983271428572001,3,278
vehG-14,5627,3.8350714285720002,3,279
vehG-15,5640,3.7606714285720004,3,280
vehG-16,5653,3.853071428572001,3,281
vehG-17,5667,3.6933000000020018,3,282
vehG-18,5680,3.124071428574001,3,283
vehG-19,5720,1.0935,1,284
vehG-20,5738,3.021299999999999,3,285
vehG-21,5753,3.211971428572,3,286
vehG-22,5766,3.5992714285720004,3,287
vehG-23,5779,3.430157142858001,3,288
vehG-0,5792,4.052442857144,4,289
vehG-1,5807,3.892671428574001,3,290
vehG-2,5819,4.089214285716001,4,291
vehG-3,5835,3.0892714285740013,3,292
vehG-4,5917,1.1744999999999999,1,293
vehG-5,5934,3.2294999999999994,3,294
vehG-6,5949,3.506871428572,3,295
vehG-7,5961,3.5183571428580005,3,296
vehG-8,5974,3.1501285714300002,3,297
vehG-9,5989,3.0679714285740003,3,298
vehG-10,6039,2.1464999999999996,2,299
vehG-11,6056,3.2480999999999995,3,300
vehG-12,6071,3.8193,3,301
vehG-13,6084,3.4211571428580005,3,302
vehG-14,6098,3.8303571428580008,3,303
vehG-15,6112,3.9205285714300007,3,304
vehG-16,6124,3.7584428571440016,3,305
vehG-17,6137,3.5289000000020017,3,306
vehG-18,6151,2.9781857142880006,2,307
vehG-19,6205,2.8106999999999998,2,308
vehG-20,6219,3.6597857142859995,3,309
vehG-21,6235,2.478342857144,2,310
vehG-22,6270,2.9402999999999997,2,311
vehG-23,6284,2.3848714285719996,2,312
vehG-0,6297,3.4816714285719996,3,313
vehG-1,6308,2.997557142858,2,314
vehG-2,6320,3.0204428571440007,3,315
vehG-3,6337,3.29335714286,3,316
vehG-4,6350,3.2634428571459995,3,317
vehG-5,6365,3.0365571428619997,3,318
vehG-6,6379,2.925642857147999,2,319
vehG-7,6394,2.8011000000059973,2,320
vehG-8,6449,2.3571,2,321
vehG-9,6463,3.2814857142859997,3,322
vehG-10,6476,3.3425571428580003,3,323
vehG-11,6491,4.1731285714299995,4,324
vehG-12,6501,4.183285714286001,4,325
vehG-13,6515,3.9979714285720007,3,326
vehG-14,6527,2.840828571430001,2,327
vehG-15,6543,2.8674428571440007,2,328
vehG-16,6595,1.0124999999999997,1,329
vehG-17,6611,3.3509999999999995,3,330
vehG-18,6626,3.5902714285719997,3,331
vehG-19,6640,3.9742714285719996,3,332
vehG-20,6653,4.066671428572,4,333
vehG-21,6665,3.4115571428580007,3,334
vehG-22,6677,3.9992142857160013,3,335
vehG-23,6689,4.130785714286001,4,336
vehG-0,6703,3.344014285716003,3,337
vehG-1,6718,2.4854142857160015,2,338
vehG-2,6777,2.7620999999999993,2,339
vehG-3,6790,2.9818714285719996,2,340
vehG-4,6803,4.106357142857999,4,341
vehG-5,6817,3.281400000001999,3,342
vehG-6,6831,4.047985714288,4,343
vehG-7,6842,2.9554714285740005,2,344
vehG-8,6857,3.089785714288,3,345
vehG-9,6912,1.5795,1,346
vehG-10,6928,2.9946857142859993,2,347
vehG-11,6943,3.1601571428579986,3,348
vehG-12,6956,3.09732857143,3,349
vehG-13,6969,3.666300000002,3,350
vehG-14,6982,3.6890142857160013,3,351
vehG-15,6996,3.667928571430002,3,352
vehG-16,7010,3.8549571428600027,3,353
vehG-17,7023,2.7999857142900013,2,354
vehG-18,7039,2.66468571429,2,355
vehG-19,7067,2.6487,2,356
vehG-20,7082,3.4515857142859994,3,357
vehG-21,7098,3.761357142858,3,358
vehG-22,7112,3.4337142857160003,3,359
vehG-23,7125,2.828271428574001,2,360
vehG-0,7180,1.5795,1,361
vehG-1,7194,2.5653857142859997,2,362
vehG-2,7208,3.3706714285719994,3,363
vehG-3,7220,3.0650142857159994,3,364
vehG-4,7234,3.4262142857159987,3,365
vehG-5,7247,3.057900000001999,3,366
vehG-6,7262,2.946728571431999,2,367
vehG-7,7277,3.1939285714320005,3,368
vehG-8,7291,2.924400000003999,2,369
vehG-9,7307,2.597185714288,2,370
vehG-10,7357,2.4543,2,371
vehG-11,7372,3.4515857142859994,3,372
vehG-12,7385,3.668785714286,3,373
vehG-13,7399,4.092042857144,4,374
vehG-14,7409,3.711257142858001,3,375
vehG-15,7421,3.1296857142960066,3,376
vehG-16,7433,3.062314285724004,3,377
vehG-17,7507,1.9844999999999997,1,378
vehG-18,7525,2.9703857142859995,2,379
vehG-19,7538,3.995185714286,3,380
vehG-20,7549,3.8237571428580006,3,381
vehG-21,7563,3.4395000000020004,3,382
vehG-22,7576,2.865471428574,2,383
vehG-23,7588,4.040528571430001,4,384
vehG-0,7599,3.834557142858001,3,385
vehG-1,7613,3.2258142857160017,3,386
vehG-2,7695,1.1744999999999999,1,387
vehG-3,7712,2.743585714285999,2,388
vehG-4,7725,4.0785,4,389
vehG-5,7738,3.0511285714299996,3,390
vehG-6,7752,3.27312857143,3,391
vehG-7,7765,3.069557142859999,3,392
vehG-8,7781,3.078985714287999,3,393
vehG-9,7796,2.8415142857179987,2,394
vehG-10,7808,2.5792714285759972,2,395
vehG-11,7879,2.4543,2,396
vehG-12,7894,2.8754999999999997,2,397
vehG-13,7909,3.8389714285719996,3,398
vehG-14,7921,3.9047571428579997,3,399
vehG-15,7933,3.851614285716,3,400
vehG-16,7947,4.058742857145998,4,401
vehG-17,7960,3.6709285714319995,3,402
vehG-18,7972,2.972100000003999,2,403
vehG-19,7986,1.9575000000100025,1,404
vehG-20,8036,2.5839,2,405
vehG-21,8050,3.465471428571999,3,406
vehG-22,8062,4.106185714286,4,407
vehG-23,8077,3.453642857144,3,408
vehG-0,8089,3.802671428572001,3,409
vehG-1,8103,4.003842857144002,4,410
vehG-2,8115,3.804557142858002,3,411
vehG-3,8129,2.758228571434002,2,412
vehG-4,8223,2.1464999999999996,2,413
vehG-5,8237,2.7597857142859996,2,414
vehG-6,8250,3.0790714285719996,3,415
vehG-7,8263,3.659442857144,3,416
vehG-8,8274,4.142957142858001,4,417
vehG-9,8287,2.934814285716001,2,418
vehG-10,8301,2.5644428571440008,2,419
vehG-11,8345,2.9541857142859995,2,420
vehG-12,8362,3.6573857142860002,3,421
vehG-13,8375,3.4397571428580003,3,422
vehG-14,8388,3.946157142858001,3,423
vehG-15,8400,2.8887000000020007,2,424
vehG-16,8412,3.425442857144,3,425
vehG-17,8427,3.2031857142880003,3,426
vehG-18,8475,1.2959999999999998,1,427
vehG-19,8489,2.4681857142859998,2,428
vehG-20,8503,3.273557142857999,3,429
vehG-21,8516,2.1114428571440005,2,430
vehG-22,8531,3.9924428571440007,3,431
vehG-23,8545,3.5399142857160006,3,432
vehG-0,8559,3.8958857142880015,3,433
vehG-1,8571,3.998871428574002,3,434
vehG-2,8590,2.522871428576,2,435
vehG-3,8638,2.8511999999999995,2,436
vehG-4,8652,3.9756,3,437
vehG-5,8666,4.1314714285720004,4,438
vehG-6,8678,4.115271428572001,4,439
vehG-7,8693,3.8769000000019997,3,440
vehG-8,8709,4.050385714288,4,441
vehG-9,8721,3.9875571428600005,3,442
vehG-10,8733,3.284828571432002,3,443
vehG-11,8748,2.069014285718001,2,444
vehG-12,8796,2.7296999999999993,2,445
vehG-13,8809,3.2734714285719995,3,446
vehG-14,8821,3.1828714285719997,3,447
vehG-15,8836,4.147757142858,4,448
vehG-16,8848,4.064185714286001,4,449
vehG-17,8858,3.416185714286001,3,450
vehG-18,8873,4.003585714286001,4,451
vehG-19,8886,3.9687000000000014,3,452
vehG-20,8900,4.063328571430002,4,453
vehG-21,8915,3.372342857146003,3,454
vehG-22,8933,1.3345285714320023,1,455
vehG-23,8987,3.2294999999999994,3,456
vehG-0,9000,4.189585714286,4,457
vehG-1,9012,3.490757142858,3,458
vehG-2,9027,2.9073000000020004,2,459
vehG-3,9040,3.5232428571459984,3,460
vehG-4,9053,4.128800000004001,4,461
vehG-5,9065,3.1631428571460036,3,462
vehG-6,9133,1.5795,1,463
vehG-7,9148,2.8569857142859996,2,464
vehG-8,9208,2.4380999999999995,2,465
vehG-9,9222,2.8708714285719994,2,466
vehG-10,9234,3.391071428572,3,467
vehG-11,9248,2.463214285716,2,468
vehG-12,9263,3.1899000000019995,3,469
vehG-13,9276,2.4898285714319983,2,470
vehG-14,9290,3.1659000000040005,3,471
vehG-15,9304,3.8645571428600016,3,472
vehG-16,9317,2.855614285718001,2,473
vehG-17,9332,2.478214285718001,2,474
vehG-18,9345,3.0036428571480007,3,475
vehG-19,9358,2.606228571434001,2,476
vehG-20,9373,3.2192571428640013,3,477
vehG-21,9423,1.0935,1,478
vehG-22,9444,2.8650857142859993,2,479
vehG-23,9458,3.420171428572,3,480
vehG-0,9470,3.9765857142860006,3,481
vehG-1,9485,3.6558000000020003,3,482
vehG-2,9498,2.829600000002,2,483
vehG-3,9512,3.226671428574,3,484
vehG-4,9526,3.245357142861998,3,485
vehG-5,9541,3.148157142861998,3,486
vehG-6,9597,1.1744999999999999,1,487
vehG-7,9612,2.7736714285719994,2,488
vehG-8,9625,4.0971,4,489
vehG-9,9640,3.4757142857159993,3,490
vehG-10,9650,3.3330428571440005,3,491
vehG-11,9663,4.188900000000001,4,492
vehG-12,9677,4.163528571430001,4,493
vehG-13,9690,4.017300000002002,4,494
vehG-14,9703,4.058871428574002,4,495
vehG-15,9713,3.7506428571500052,3,496
vehG-16,9728,2.723014285722006,2,497
vehG-17,9775,2.3571,2,498
vehG-18,9789,2.8708714285719994,2,499
vehG-19,9803,2.9818714285719996,2,500
vehG-20,9815,3.3290142857159988,3,501
vehG-21,9830,3.065100000001999,3,502
vehG-22,9844,2.412642857145998,2,503
vehG-23,9920,2.4704999999999995,2,504
vehG-0,9933,3.5511,3,505
vehG-1,9947,4.103871428572,4,506
vehG-2,9959,3.3040285714300004,3,507
vehG-3,9974,3.2401285714300005,3,508
vehG-4,10020,2.3571,2,509
vehG-5,10036,3.049071428571999,3,510
vehG-6,10049,3.229157142858,3,511
vehG-7,10062,3.837557142858001,3,512
vehG-8,10075,4.050214285716001,4,513
vehG-9,10088,3.9101142857160003,3,514
vehG-10,10101,3.2865000000020004,3,515
vehG-11,10114,3.4019571428600015,3,516
vehG-12,10128,1.8642000000040004,1,517
vehG-13,10141,1.6569000000040013,1,518
vehG-14,10209,2.8569857142859996,2,519
vehG-15,10222,3.4605857142859997,3,520
vehG-16,10233,3.763585714286001,3,521
vehG-17,10246,4.058485714286,4,522
vehG-18,10260,3.7655571428580004,3,523
vehG-19,10277,3.640242857146001,3,524
vehG-20,10292,2.5931857142900014,2,525
vehG-21,10369,2.7296999999999993,2,526
vehG-22,10384,3.257271428571999,3,527
vehG-23,10397,3.7383000000000006,3,528
vehG-0,10410,4.179985714286001,4,529
vehG-1,10423,3.6915000000000004,3,530
vehG-2,10436,3.7110857142860008,3,531
vehG-3,10451,3.5942142857160015,3,532
vehG-4,10464,2.6693142857160015,2,533
vehG-5,10541,2.1464999999999996,2,534
vehG-6,10556,3.4376999999999995,3,535
vehG-7,10571,3.0209571428579998,3,536
vehG-8,10585,2.957142857144,2,537
vehG-9,10630,2.0655,2,538
vehG-10,10646,3.049071428571999,3,539
vehG-11,10662,3.539271428572,3,540
vehG-12,10674,3.4397571428580003,3,541
vehG-13,10689,3.9808714285720006,3,542
vehG-14,10703,3.7076142857160015,3,543
vehG-15,10715,3.2250000000020007,3,544
vehG-16,10729,3.1693714285740002,3,545
vehG-17,10743,2.8043571428620058,2,546
vehG-18,10757,2.967900000006007,2,547
vehG-19,10770,2.727385714294005,2,548
vehG-20,10845,2.3004,2,549
vehG-21,10856,2.370985714286,2,550
vehG-22,10870,3.2916428571439997,3,551
vehG-23,10883,3.2335285714300004,3,552
vehG-0,10896,3.959871428572001,3,553
vehG-1,10909,3.2886428571440014,3,554
vehG-2,10925,1.1619857142880012,1,555
vehG-3,10971,2.8430999999999997,2,556
vehG-4,10985,3.697885714286,3,557
vehG-5,10997,4.1547,4,558
vehG-6,11011,4.0446,4,559
vehG-7,11025,3.7560285714320023,3,560
vehG-8,11037,3.053185714296005,3,561
vehG-9,11051,3.0689571428680074,3,562
vehG-10,11065,2.148385714298004,2,563
vehG-11,11130,2.4543,2,564
vehG-12,11147,3.4272857142859996,3,565
vehG-13,11162,2.9251714285719994,2,566
vehG-14,11173,2.801442857143999,2,567
vehG-15,11190,2.4113142857159993,2,568
vehG-16,11202,2.0700428571459986,2,569
vehG-17,11245,3.3509999999999995,3,570
vehG-18,11259,3.906085714286,3,571
vehG-19,11271,4.168585714286,4,572
vehG-20,11285,3.7287857142860004,3,573
vehG-21,11298,2.9258142857159997,2,574
vehG-22,11312,4.196828571430001,4,575
vehG-23,11323,3.064157142860001,3,576
vehG-0,11337,2.543271428574,2,577
vehG-1,11351,1.8316285714320013,1,578
vehG-2,11415,3.1427999999999994,3,579
vehG-3,11428,4.1838,4,580
vehG-4,11441,3.1893714285740016,3,581
vehG-5,11457,3.6559142857160043,3,582
vehG-6,11473,2.755571428574005,2,583
vehG-7,11576,3.1427999999999994,3,584
vehG-8,11591,3.465471428571999,3,585
vehG-9,11606,3.6180428571439993,3,586
vehG-10,11620,2.4543000000019988,2,587
vehG-11,11669,3.053699999999999,3,588
vehG-12,11681,3.4539857142859995,3,589
vehG-13,11694,3.8148428571439994,3,590
vehG-14,11707,3.1456714285739995,3,591
vehG-15,11720,2.724385714288,2,592
vehG-16,11735,3.266014285717999,3,593
vehG-17,11749,1.9002428571460006,1,594
vehG-18,11779,3.1427999999999994,3,595
vehG-19,11793,3.786985714286,3,596
vehG-20,11806,3.391071428572,3,597
vehG-21,11821,3.495214285716,3,598
vehG-22,11833,4.196014285716,4,599
vehG-23,11845,3.4193142857160006,3,600
vehG-0,11859,3.475842857146002,3,601
vehG-1,11872,3.2070285714300026,3,602
vehG-2,11888,3.149342857144004,3,603
vehG-3,11998,1.6604999999999999,1,604
vehG-4,12014,3.4376999999999995,3,605
vehG-5,12030,3.271157142857999,3,606
vehG-6,12043,4.092385714286,4,607
vehG-7,12057,3.517114285716,3,608
vehG-8,12071,2.5532142857160003,2,609
vehG-9,12120,3.021299999999999,3,610
vehG-10,12135,3.5730857142859995,3,611
vehG-11,12146,3.685071428572,3,612
vehG-12,12158,4.068985714286001,4,613
vehG-13,12173,3.2335285714300004,3,614
vehG-14,12186,2.85042857143,2,615
vehG-15,12228,2.0655,2,616
vehG-16,12241,3.5511,3,617
vehG-17,12255,4.128171428572,4,618
vehG-18,12267,3.462642857144001,3,619
vehG-19,12280,2.976814285716,2,620
vehG-20,12374,2.4380999999999995,2,621
vehG-21,12387,2.4681857142859998,2,622
vehG-22,12403,3.830871428572,3,623
vehG-23,12416,3.7379571428580007,3,624
vehG-0,12429,4.0941857142860005,4,625
vehG-1,12442,4.1751000000000005,4,626
vehG-2,12455,3.8497714285720015,3,627
vehG-3,12468,3.3812142857160015,3,628
vehG-4,12481,3.5866714285720023,3,629
vehG-5,12541,1.0935,1,630
vehG-6,12559,3.0374999999999996,3,631
vehG-7,12576,3.171471428572,3,632
vehG-8,12590,3.682671428572,3,633
vehG-9,12608,3.122785714287999,3,634
vehG-10,12653,1.4984999999999997,1,635
vehG-11,12667,2.079385714286,2,636
vehG-12,12680,3.752185714286,3,637
vehG-13,12691,4.018071428572001,4,638
vehG-14,12704,3.249728571430001,3,639
vehG-15,12720,3.446271428574,3,640
vehG-16,12733,3.063171428574,3,641
vehG-17,12779,1.5795,1,642
vehG-18,12794,3.2318999999999996,3,643
vehG-19,12810,3.1786714285719992,3,644
vehG-20,12823,3.659442857144,3,645
vehG-21,12835,4.1358428571440005,4,646
vehG-22,12849,3.4275000000020013,3,647
vehG-23,12862,3.7652142857160014,3,648
vehG-0,12876,3.7742142857160017,3,649
vehG-1,12888,3.4559142857160015,3,650
vehG-2,12902,2.897100000002002,2,651
vehG-3,12937,2.4543,2,652
vehG-4,12951,3.467785714286,3,653
vehG-5,12963,2.7595285714299997,2,654
vehG-6,12976,3.2869285714300003,3,655
vehG-7,12990,2.9987142857160003,2,656
vehG-8,13003,3.276171428574,3,657
vehG-9,13061,1.0935,1,658
vehG-10,13078,3.6483,3,659
vehG-11,13091,3.314957142858,3,660
vehG-12,13103,3.490757142858,3,661
vehG-13,13117,3.548185714288,3,662
vehG-14,13130,3.8233285714300007,3,663
vehG-15,13145,4.049871428574001,4,664
vehG-16,13158,3.2171571428619994,3,665
vehG-17,13171,3.170957142861999,3,666
vehG-18,13182,3.015214285718001,3,667
vehG-19,13195,2.1844714285760003,2,668
vehG-20,13250,2.7459,2,669
vehG-21,13263,3.6621857142859997,3,670
vehG-22,13277,3.474471428572,3,671
vehG-23,13289,3.280971428572,3,672
vehG-0,13305,2.6641285714300005,2,673
