id,tick,speed(float),speed(discrete),Tot v
vg1-0,237,1.6611714285740156,1,1
vg1-1,253,2.1634000000020133,2,2
vg1-4,257,0.9962428571440091,0,3
vg1-2,273,2.3304285714300113,2,4
vg1-3,287,1.6486428571440108,1,5
vg1-5,302,2.4251428571440132,2,6
vg1-6,315,2.386757142858013,2,7
vg1-7,333,2.4022714285740108,2,8
vg1-8,347,1.8429571428580125,1,9
vg1-9,361,2.230742857144005,2,10
vg1-10,375,3.160628571430008,3,11
vg1-11,388,3.044557142858007,3,12
vg1-12,401,3.0624428571440125,3,13
vg1-13,414,3.0235571428580132,3,14
vg1-14,427,3.159757142858011,3,15
vg1-15,441,3.142257142858011,3,16
vg1-16,455,3.20112857143001,3,17
vg1-17,468,3.2406428571440067,3,18
vg1-0,481,3.000628571432022,3,19
vg1-1,494,3.257542857146019,3,20
vg1-4,508,3.253057142860018,3,21
vg1-2,521,3.26488571428802,3,22
vg1-3,535,3.1711000000020175,3,23
vg1-5,548,3.06808571428802,3,24
vg1-6,561,3.207814285716022,3,25
vg1-7,575,3.031414285718019,3,26
vg1-8,588,3.033871428574018,3,27
vg1-9,601,3.0285714285740117,3,28
vg1-10,614,3.178542857146015,3,29
vg1-11,629,3.9349571428580132,3,30
vg1-12,644,3.8604428571440197,3,31
vg1-13,661,3.6823571428580193,3,32
vg1-14,682,3.888242857144017,3,33
vg1-15,698,3.6972571428580165,3,34
vg1-16,713,3.7909285714300154,3,35
vg1-17,726,3.749442857144011,3,36
vg1-0,740,3.6943142857180273,3,37
vg1-1,755,3.8473428571460246,3,38
vg1-4,770,3.9235142857180234,3,39
vg1-2,783,3.7736857142880256,3,40
vg1-3,804,3.760385714288021,3,41
vg1-5,818,3.807885714288024,3,42
vg1-6,837,3.7508142857160243,3,43
vg1-7,851,3.8408142857180216,3,44
vg1-8,869,3.91287142857402,3,45
vg1-9,887,3.0285714285740117,3,46
vg1-10,900,3.178542857146015,3,47
vg1-11,914,3.9349571428580132,3,48
vg1-12,929,3.8604428571440197,3,49
vg1-13,946,3.6823571428580193,3,50
vg1-14,968,3.888242857144017,3,51
vg1-15,984,3.6972571428580165,3,52
vg1-16,999,3.7909285714300154,3,53
vg1-17,1012,3.749442857144011,3,54
vg1-0,1025,3.6943142857180273,3,55
vg1-1,1040,3.8473428571460246,3,56
vg1-4,1055,3.9235142857180234,3,57
vg1-2,1069,3.7736857142880256,3,58
vg1-3,1090,3.760385714288021,3,59
vg1-5,1104,3.807885714288024,3,60
vg1-6,1123,3.7508142857160243,3,61
vg1-7,1137,3.8408142857180216,3,62
vg1-8,1155,3.91287142857402,3,63
vg1-9,1172,3.0285714285740117,3,64
vg1-10,1186,3.178542857146015,3,65
vg1-11,1200,3.9349571428580132,3,66
vg1-12,1215,3.8604428571440197,3,67
vg1-13,1232,3.6823571428580193,3,68
vg1-14,1253,3.888242857144017,3,69
vg1-15,1270,3.6972571428580165,3,70
vg1-16,1284,3.7909285714300154,3,71
vg1-17,1297,3.749442857144011,3,72
vg1-0,1311,3.6943142857180273,3,73
vg1-1,1326,3.8473428571460246,3,74
vg1-4,1341,3.9235142857180234,3,75
vg1-2,1354,3.7736857142880256,3,76
vg1-3,1375,3.760385714288021,3,77
vg1-5,1389,3.807885714288024,3,78
vg1-6,1408,3.7508142857160243,3,79
vg1-7,1423,3.8408142857180216,3,80
vg1-8,1441,3.91287142857402,3,81
vg1-9,1458,3.0285714285740117,3,82
vg1-10,1471,3.178542857146015,3,83
vg1-11,1486,3.9349571428580132,3,84
vg1-12,1501,3.8604428571440197,3,85
vg1-13,1518,3.6823571428580193,3,86
vg1-14,1539,3.888242857144017,3,87
vg1-15,1555,3.6972571428580165,3,88
vg1-16,1570,3.7909285714300154,3,89
vg1-17,1583,3.749442857144011,3,90
vg1-0,1597,3.6943142857180273,3,91
vg1-1,1612,3.8473428571460246,3,92
vg1-4,1627,3.9235142857180234,3,93
vg1-2,1640,3.7736857142880256,3,94
vg1-3,1661,3.760385714288021,3,95
vg1-5,1675,3.807885714288024,3,96
vg1-6,1694,3.7508142857160243,3,97
vg1-7,1708,3.8408142857180216,3,98
vg1-8,1727,3.91287142857402,3,99
vg1-9,1744,3.0285714285740117,3,100
vg1-10,1757,3.178542857146015,3,101
vg1-11,1771,3.9349571428580132,3,102
vg1-12,1787,3.8604428571440197,3,103
vg1-13,1803,3.6823571428580193,3,104
vg1-14,1825,3.888242857144017,3,105
vg1-15,1841,3.6972571428580165,3,106
vg1-16,1856,3.7909285714300154,3,107
vg1-17,1869,3.749442857144011,3,108
vg1-0,1883,3.6943142857180273,3,109
vg1-1,1897,3.8473428571460246,3,110
vg1-4,1913,3.9235142857180234,3,111
vg1-2,1926,3.7736857142880256,3,112
vg1-3,1947,3.760385714288021,3,113
vg1-5,1961,3.807885714288024,3,114
vg1-6,1980,3.7508142857160243,3,115
vg1-7,1994,3.8408142857180216,3,116
vg1-8,2012,3.91287142857402,3,117
vg1-9,2029,3.0285714285740117,3,118
vg1-10,2043,3.178542857146015,3,119
vg1-11,2057,3.9349571428580132,3,120
vg1-12,2072,3.8604428571440197,3,121
vg1-13,2089,3.6823571428580193,3,122
vg1-14,2111,3.888242857144017,3,123
vg1-15,2127,3.6972571428580165,3,124
vg1-16,2141,3.7909285714300154,3,125
vg1-17,2155,3.749442857144011,3,126
vg1-0,2168,3.6943142857180273,3,127
vg1-1,2183,3.8473428571460246,3,128
vg1-4,2198,3.9235142857180234,3,129
vg1-2,2211,3.7736857142880256,3,130
vg1-3,2233,3.760385714288021,3,131
vg1-5,2247,3.807885714288024,3,132
vg1-6,2265,3.7508142857160243,3,133
vg1-7,2280,3.8408142857180216,3,134
vg1-8,2298,3.91287142857402,3,135
vg1-9,2315,3.0285714285740117,3,136
vg1-10,2329,3.178542857146015,3,137
vg1-11,2343,3.9349571428580132,3,138
vg1-12,2358,3.8604428571440197,3,139
vg1-13,2375,3.6823571428580193,3,140
vg1-14,2396,3.888242857144017,3,141
vg1-15,2413,3.6972571428580165,3,142
vg1-16,2427,3.7909285714300154,3,143
vg1-17,2440,3.749442857144011,3,144
vg1-0,2454,3.6943142857180273,3,145
vg1-1,2469,3.8473428571460246,3,146
vg1-4,2484,3.9235142857180234,3,147
vg1-2,2497,3.7736857142880256,3,148
vg1-3,2518,3.760385714288021,3,149
vg1-5,2532,3.807885714288024,3,150
vg1-6,2551,3.7508142857160243,3,151
vg1-7,2565,3.8408142857180216,3,152
vg1-8,2584,3.91287142857402,3,153
vg1-9,2601,3.0285714285740117,3,154
vg1-10,2614,3.178542857146015,3,155
vg1-11,2629,3.9349571428580132,3,156
vg1-12,2644,3.8604428571440197,3,157
vg1-13,2661,3.6823571428580193,3,158
vg1-14,2682,3.888242857144017,3,159
vg1-15,2698,3.6972571428580165,3,160
vg1-16,2713,3.7909285714300154,3,161
vg1-17,2726,3.749442857144011,3,162
vg1-0,2740,3.6943142857180273,3,163
vg1-1,2755,3.8473428571460246,3,164
vg1-4,2770,3.9235142857180234,3,165
vg1-2,2783,3.7736857142880256,3,166
vg1-3,2804,3.760385714288021,3,167
vg1-5,2818,3.807885714288024,3,168
vg1-6,2837,3.7508142857160243,3,169
vg1-7,2851,3.8408142857180216,3,170
vg1-8,2869,3.91287142857402,3,171
vg1-9,2887,3.0285714285740117,3,172
vg1-10,2900,3.178542857146015,3,173
vg1-11,2914,3.9349571428580132,3,174
vg1-12,2929,3.8604428571440197,3,175
vg1-13,2946,3.6823571428580193,3,176
vg1-14,2968,3.888242857144017,3,177
vg1-15,2984,3.6972571428580165,3,178
vg1-16,2999,3.7909285714300154,3,179
vg1-17,3012,3.749442857144011,3,180
vg1-0,3025,3.6943142857180273,3,181
vg1-1,3040,3.8473428571460246,3,182
vg1-4,3055,3.9235142857180234,3,183
vg1-2,3069,3.7736857142880256,3,184
vg1-3,3090,3.760385714288021,3,185
vg1-5,3104,3.807885714288024,3,186
vg1-6,3123,3.7508142857160243,3,187
vg1-7,3137,3.8408142857180216,3,188
vg1-8,3155,3.91287142857402,3,189
vg1-9,3172,3.0285714285740117,3,190
vg1-10,3186,3.178542857146015,3,191
vg1-11,3200,3.9349571428580132,3,192
vg1-12,3215,3.8604428571440197,3,193
vg1-13,3232,3.6823571428580193,3,194
vg1-14,3253,3.888242857144017,3,195
vg1-15,3270,3.6972571428580165,3,196
vg1-16,3284,3.7909285714300154,3,197
vg1-17,3297,3.749442857144011,3,198
vg1-0,3311,3.6943142857180273,3,199
vg1-1,3326,3.8473428571460246,3,200
vg1-4,3341,3.9235142857180234,3,201
vg1-2,3354,3.7736857142880256,3,202
vg1-3,3375,3.760385714288021,3,203
vg1-5,3389,3.807885714288024,3,204
vg1-6,3408,3.7508142857160243,3,205
vg1-7,3423,3.8408142857180216,3,206
vg1-8,3441,3.91287142857402,3,207
vg1-9,3458,3.0285714285740117,3,208
vg1-10,3471,3.178542857146015,3,209
vg1-11,3486,3.9349571428580132,3,210
vg1-12,3501,3.8604428571440197,3,211
vg1-13,3518,3.6823571428580193,3,212
vg1-14,3539,3.888242857144017,3,213
vg1-15,3555,3.6972571428580165,3,214
vg1-16,3570,3.7909285714300154,3,215
vg1-17,3583,3.749442857144011,3,216
vg1-0,3597,3.6943142857180273,3,217
vg1-1,3612,3.8473428571460246,3,218
vg1-4,3627,3.9235142857180234,3,219
vg1-2,3640,3.7736857142880256,3,220
vg1-3,3661,3.760385714288021,3,221
vg1-5,3675,3.807885714288024,3,222
vg1-6,3694,3.7508142857160243,3,223
vg1-7,3708,3.8408142857180216,3,224
vg1-8,3727,3.91287142857402,3,225
vg1-9,3744,3.0285714285740117,3,226
vg1-10,3757,3.178542857146015,3,227
vg1-11,3771,3.9349571428580132,3,228
vg1-12,3787,3.8604428571440197,3,229
vg1-13,3803,3.6823571428580193,3,230
vg1-14,3825,3.888242857144017,3,231
vg1-15,3841,3.6972571428580165,3,232
vg1-16,3856,3.7909285714300154,3,233
vg1-17,3869,3.749442857144011,3,234
vg1-0,3883,3.6943142857180273,3,235
vg1-1,3897,3.8473428571460246,3,236
vg1-4,3913,3.9235142857180234,3,237
vg1-2,3926,3.7736857142880256,3,238
vg1-3,3947,3.760385714288021,3,239
vg1-5,3961,3.807885714288024,3,240
vg1-6,3980,3.7508142857160243,3,241
vg1-7,3994,3.8408142857180216,3,242
vg1-8,4012,3.91287142857402,3,243
vg1-9,4029,3.0285714285740117,3,244
vg1-10,4043,3.178542857146015,3,245
vg1-11,4057,3.9349571428580132,3,246
vg1-12,4072,3.8604428571440197,3,247
vg1-13,4089,3.6823571428580193,3,248
vg1-14,4111,3.888242857144017,3,249
vg1-15,4127,3.6972571428580165,3,250
vg1-16,4141,3.7909285714300154,3,251
vg1-17,4155,3.749442857144011,3,252
vg1-0,4168,3.6943142857180273,3,253
vg1-1,4183,3.8473428571460246,3,254
vg1-4,4198,3.9235142857180234,3,255
vg1-2,4211,3.7736857142880256,3,256
vg1-3,4233,3.760385714288021,3,257
vg1-5,4247,3.807885714288024,3,258
vg1-6,4265,3.7508142857160243,3,259
vg1-7,4280,3.8408142857180216,3,260
vg1-8,4298,3.91287142857402,3,261
vg1-9,4315,3.0285714285740117,3,262
vg1-10,4329,3.178542857146015,3,263
vg1-11,4343,3.9349571428580132,3,264
vg1-12,4358,3.8604428571440197,3,265
vg1-13,4375,3.6823571428580193,3,266
vg1-14,4396,3.888242857144017,3,267
vg1-15,4413,3.6972571428580165,3,268
vg1-16,4427,3.7909285714300154,3,269
vg1-17,4440,3.749442857144011,3,270
vg1-0,4454,3.6943142857180273,3,271
vg1-1,4469,3.8473428571460246,3,272
vg1-4,4484,3.9235142857180234,3,273
vg1-2,4497,3.7736857142880256,3,274
vg1-3,4518,3.760385714288021,3,275
vg1-5,4532,3.807885714288024,3,276
vg1-6,4551,3.7508142857160243,3,277
vg1-7,4565,3.8408142857180216,3,278
vg1-8,4584,3.91287142857402,3,279
vg1-9,4601,3.0285714285740117,3,280
vg1-10,4614,3.178542857146015,3,281
vg1-11,4629,3.9349571428580132,3,282
vg1-12,4644,3.8604428571440197,3,283
vg1-13,4661,3.6823571428580193,3,284
vg1-14,4682,3.888242857144017,3,285
vg1-15,4698,3.6972571428580165,3,286
vg1-16,4713,3.7909285714300154,3,287
vg1-17,4726,3.749442857144011,3,288
vg1-0,4740,3.6943142857180273,3,289
vg1-1,4755,3.8473428571460246,3,290
vg1-4,4770,3.9235142857180234,3,291
vg1-2,4783,3.7736857142880256,3,292
vg1-3,4804,3.760385714288021,3,293
vg1-5,4818,3.807885714288024,3,294
vg1-6,4837,3.7508142857160243,3,295
vg1-7,4851,3.8408142857180216,3,296
vg1-8,4869,3.91287142857402,3,297
vg1-9,4887,3.0285714285740117,3,298
vg1-10,4900,3.178542857146015,3,299
vg1-11,4914,3.9349571428580132,3,300
vg1-12,4929,3.8604428571440197,3,301
vg1-13,4946,3.6823571428580193,3,302
vg1-14,4968,3.888242857144017,3,303
vg1-15,4984,3.6972571428580165,3,304
vg1-16,4999,3.7909285714300154,3,305
vg1-17,5012,3.749442857144011,3,306
vg1-0,5025,3.6943142857180273,3,307
vg1-1,5040,3.8473428571460246,3,308
vg1-4,5055,3.9235142857180234,3,309
vg1-2,5069,3.7736857142880256,3,310
vg1-3,5090,3.760385714288021,3,311
vg1-5,5104,3.807885714288024,3,312
vg1-6,5123,3.7508142857160243,3,313
vg1-7,5137,3.8408142857180216,3,314
vg1-8,5155,3.91287142857402,3,315
vg1-9,5172,3.0285714285740117,3,316
vg1-10,5186,3.178542857146015,3,317
vg1-11,5200,3.9349571428580132,3,318
vg1-12,5215,3.8604428571440197,3,319
vg1-13,5232,3.6823571428580193,3,320
vg1-14,5253,3.888242857144017,3,321
vg1-15,5270,3.6972571428580165,3,322
vg1-16,5284,3.7909285714300154,3,323
vg1-17,5297,3.749442857144011,3,324
vg1-0,5311,3.6943142857180273,3,325
vg1-1,5326,3.8473428571460246,3,326
vg1-4,5341,3.9235142857180234,3,327
vg1-2,5354,3.7736857142880256,3,328
vg1-3,5375,3.760385714288021,3,329
vg1-5,5389,3.807885714288024,3,330
vg1-6,5408,3.7508142857160243,3,331
vg1-7,5423,3.8408142857180216,3,332
vg1-8,5441,3.91287142857402,3,333
vg1-9,5458,3.0285714285740117,3,334
vg1-10,5471,3.178542857146015,3,335
vg1-11,5486,3.9349571428580132,3,336
vg1-12,5501,3.8604428571440197,3,337
vg1-13,5518,3.6823571428580193,3,338
vg1-14,5539,3.888242857144017,3,339
vg1-15,5555,3.6972571428580165,3,340
vg1-16,5570,3.7909285714300154,3,341
vg1-17,5583,3.749442857144011,3,342
vg1-0,5597,3.6943142857180273,3,343
vg1-1,5612,3.8473428571460246,3,344
vg1-4,5627,3.9235142857180234,3,345
vg1-2,5640,3.7736857142880256,3,346
vg1-3,5661,3.760385714288021,3,347
vg1-5,5675,3.807885714288024,3,348
vg1-6,5694,3.7508142857160243,3,349
vg1-7,5708,3.8408142857180216,3,350
vg1-8,5727,3.91287142857402,3,351
vg1-9,5744,3.0285714285740117,3,352
vg1-10,5757,3.178542857146015,3,353
vg1-11,5771,3.9349571428580132,3,354
vg1-12,5787,3.8604428571440197,3,355
vg1-13,5803,3.6823571428580193,3,356
vg1-14,5825,3.888242857144017,3,357
vg1-15,5841,3.6972571428580165,3,358
vg1-16,5856,3.7909285714300154,3,359
vg1-17,5869,3.749442857144011,3,360
vg1-0,5883,3.6943142857180273,3,361
vg1-1,5897,3.8473428571460246,3,362
vg1-4,5913,3.9235142857180234,3,363
vg1-2,5926,3.7736857142880256,3,364
vg1-3,5947,3.760385714288021,3,365
vg1-5,5961,3.807885714288024,3,366
vg1-6,5980,3.7508142857160243,3,367
vg1-7,5994,3.8408142857180216,3,368
vg1-8,6012,3.91287142857402,3,369
vg1-9,6029,3.0285714285740117,3,370
vg1-10,6043,3.178542857146015,3,371
vg1-11,6057,3.9349571428580132,3,372
vg1-12,6072,3.8604428571440197,3,373
vg1-13,6089,3.6823571428580193,3,374
vg1-14,6111,3.888242857144017,3,375
vg1-15,6127,3.6972571428580165,3,376
vg1-16,6141,3.7909285714300154,3,377
vg1-17,6155,3.749442857144011,3,378
vg1-0,6168,3.6943142857180273,3,379
vg1-1,6183,3.8473428571460246,3,380
vg1-4,6198,3.9235142857180234,3,381
vg1-2,6211,3.7736857142880256,3,382
vg1-3,6233,3.760385714288021,3,383
vg1-5,6247,3.807885714288024,3,384
vg1-6,6265,3.7508142857160243,3,385
vg1-7,6280,3.8408142857180216,3,386
vg1-8,6298,3.91287142857402,3,387
vg1-9,6315,3.0285714285740117,3,388
vg1-10,6329,3.178542857146015,3,389
vg1-11,6343,3.9349571428580132,3,390
vg1-12,6358,3.8604428571440197,3,391
vg1-13,6375,3.6823571428580193,3,392
vg1-14,6396,3.888242857144017,3,393
vg1-15,6413,3.6972571428580165,3,394
vg1-16,6427,3.7909285714300154,3,395
vg1-17,6440,3.749442857144011,3,396
vg1-0,6454,3.6943142857180273,3,397
vg1-1,6469,3.8473428571460246,3,398
vg1-4,6484,3.9235142857180234,3,399
vg1-2,6497,3.7736857142880256,3,400
vg1-3,6518,3.760385714288021,3,401
vg1-5,6532,3.807885714288024,3,402
vg1-6,6551,3.7508142857160243,3,403
vg1-7,6565,3.8408142857180216,3,404
vg1-8,6584,3.91287142857402,3,405
vg1-9,6601,3.0285714285740117,3,406
vg1-10,6614,3.178542857146015,3,407
vg1-11,6629,3.9349571428580132,3,408
vg1-12,6644,3.8604428571440197,3,409
vg1-13,6661,3.6823571428580193,3,410
vg1-14,6682,3.888242857144017,3,411
vg1-15,6698,3.6972571428580165,3,412
vg1-16,6713,3.7909285714300154,3,413
vg1-17,6726,3.749442857144011,3,414
vg1-0,6740,3.6943142857180273,3,415
vg1-1,6755,3.8473428571460246,3,416
vg1-4,6770,3.9235142857180234,3,417
vg1-2,6783,3.7736857142880256,3,418
vg1-3,6804,3.760385714288021,3,419
vg1-5,6818,3.807885714288024,3,420
vg1-6,6837,3.7508142857160243,3,421
vg1-7,6851,3.8408142857180216,3,422
vg1-8,6869,3.91287142857402,3,423
vg1-9,6887,3.0285714285740117,3,424
vg1-10,6900,3.178542857146015,3,425
vg1-11,6914,3.9349571428580132,3,426
vg1-12,6929,3.8604428571440197,3,427
vg1-13,6946,3.6823571428580193,3,428
vg1-14,6968,3.888242857144017,3,429
vg1-15,6984,3.6972571428580165,3,430
vg1-16,6999,3.7909285714300154,3,431
vg1-17,7012,3.749442857144011,3,432
vg1-0,7025,3.6943142857180273,3,433
vg1-1,7040,3.8473428571460246,3,434
vg1-4,7055,3.9235142857180234,3,435
vg1-2,7069,3.7736857142880256,3,436
vg1-3,7090,3.760385714288021,3,437
vg1-5,7104,3.807885714288024,3,438
vg1-6,7123,3.7508142857160243,3,439
vg1-7,7137,3.8408142857180216,3,440
vg1-8,7155,3.91287142857402,3,441
vg1-9,7172,3.0285714285740117,3,442
vg1-10,7186,3.178542857146015,3,443
vg1-11,7200,3.9349571428580132,3,444
vg1-12,7215,3.8604428571440197,3,445
vg1-13,7232,3.6823571428580193,3,446
vg1-14,7253,3.888242857144017,3,447
vg1-15,7270,3.6972571428580165,3,448
vg1-16,7284,3.7909285714300154,3,449
vg1-17,7297,3.749442857144011,3,450
vg1-0,7311,3.6943142857180273,3,451
vg1-1,7326,3.8473428571460246,3,452
vg1-4,7341,3.9235142857180234,3,453
vg1-2,7354,3.7736857142880256,3,454
vg1-3,7375,3.760385714288021,3,455
vg1-5,7389,3.807885714288024,3,456
vg1-6,7408,3.7508142857160243,3,457
vg1-7,7423,3.8408142857180216,3,458
vg1-8,7441,3.91287142857402,3,459
vg1-9,7458,3.0285714285740117,3,460
vg1-10,7471,3.178542857146015,3,461
vg1-11,7486,3.9349571428580132,3,462
vg1-12,7501,3.8604428571440197,3,463
vg1-13,7518,3.6823571428580193,3,464
vg1-14,7539,3.888242857144017,3,465
vg1-15,7555,3.6972571428580165,3,466
vg1-16,7570,3.7909285714300154,3,467
vg1-17,7583,3.749442857144011,3,468
vg1-0,7597,3.6943142857180273,3,469
vg1-1,7612,3.8473428571460246,3,470
vg1-4,7627,3.9235142857180234,3,471
vg1-2,7640,3.7736857142880256,3,472
vg1-3,7661,3.760385714288021,3,473
vg1-5,7675,3.807885714288024,3,474
vg1-6,7694,3.7508142857160243,3,475
vg1-7,7708,3.8408142857180216,3,476
vg1-8,7727,3.91287142857402,3,477
vg1-9,7744,3.0285714285740117,3,478
vg1-10,7757,3.178542857146015,3,479
vg1-11,7771,3.9349571428580132,3,480
vg1-12,7787,3.8604428571440197,3,481
vg1-13,7803,3.6823571428580193,3,482
vg1-14,7825,3.888242857144017,3,483
vg1-15,7841,3.6972571428580165,3,484
vg1-16,7856,3.7909285714300154,3,485
vg1-17,7869,3.749442857144011,3,486
vg1-0,7883,3.6943142857180273,3,487
vg1-1,7897,3.8473428571460246,3,488
vg1-4,7913,3.9235142857180234,3,489
vg1-2,7926,3.7736857142880256,3,490
vg1-3,7947,3.760385714288021,3,491
vg1-5,7961,3.807885714288024,3,492
vg1-6,7980,3.7508142857160243,3,493
vg1-7,7994,3.8408142857180216,3,494
vg1-8,8012,3.91287142857402,3,495
vg1-9,8029,3.0285714285740117,3,496
vg1-10,8043,3.178542857146015,3,497
vg1-11,8057,3.9349571428580132,3,498
vg1-12,8072,3.8604428571440197,3,499
vg1-13,8089,3.6823571428580193,3,500
vg1-14,8111,3.888242857144017,3,501
vg1-15,8127,3.6972571428580165,3,502
vg1-16,8141,3.7909285714300154,3,503
vg1-17,8155,3.749442857144011,3,504
vg1-0,8168,3.6943142857180273,3,505
vg1-1,8183,3.8473428571460246,3,506
vg1-4,8198,3.9235142857180234,3,507
vg1-2,8211,3.7736857142880256,3,508
vg1-3,8233,3.760385714288021,3,509
vg1-5,8247,3.807885714288024,3,510
vg1-6,8265,3.7508142857160243,3,511
vg1-7,8280,3.8408142857180216,3,512
vg1-8,8298,3.91287142857402,3,513
vg1-9,8315,3.0285714285740117,3,514
vg1-10,8329,3.178542857146015,3,515
vg1-11,8343,3.9349571428580132,3,516
vg1-12,8358,3.8604428571440197,3,517
vg1-13,8375,3.6823571428580193,3,518
vg1-14,8396,3.888242857144017,3,519
vg1-15,8413,3.6972571428580165,3,520
vg1-16,8427,3.7909285714300154,3,521
vg1-17,8440,3.749442857144011,3,522
vg1-0,8454,3.6943142857180273,3,523
vg1-1,8469,3.8473428571460246,3,524
vg1-4,8484,3.9235142857180234,3,525
vg1-2,8497,3.7736857142880256,3,526
vg1-3,8518,3.760385714288021,3,527
vg1-5,8532,3.807885714288024,3,528
vg1-6,8551,3.7508142857160243,3,529
vg1-7,8565,3.8408142857180216,3,530
vg1-8,8584,3.91287142857402,3,531
vg1-9,8601,3.0285714285740117,3,532
vg1-10,8614,3.178542857146015,3,533
vg1-11,8629,3.9349571428580132,3,534
vg1-12,8644,3.8604428571440197,3,535
vg1-13,8661,3.6823571428580193,3,536
vg1-14,8682,3.888242857144017,3,537
vg1-15,8698,3.6972571428580165,3,538
vg1-16,8713,3.7909285714300154,3,539
vg1-17,8726,3.749442857144011,3,540
vg1-0,8740,3.6943142857180273,3,541
vg1-1,8755,3.8473428571460246,3,542
vg1-4,8770,3.9235142857180234,3,543
vg1-2,8783,3.7736857142880256,3,544
vg1-3,8804,3.760385714288021,3,545
vg1-5,8818,3.807885714288024,3,546
vg1-6,8837,3.7508142857160243,3,547
vg1-7,8851,3.8408142857180216,3,548
vg1-8,8869,3.91287142857402,3,549
vg1-9,8887,3.0285714285740117,3,550
vg1-10,8900,3.178542857146015,3,551
vg1-11,8914,3.9349571428580132,3,552
vg1-12,8929,3.8604428571440197,3,553
vg1-13,8946,3.6823571428580193,3,554
vg1-14,8968,3.888242857144017,3,555
vg1-15,8984,3.6972571428580165,3,556
vg1-16,8999,3.7909285714300154,3,557
vg1-17,9012,3.749442857144011,3,558
vg1-0,9025,3.6943142857180273,3,559
vg1-1,9040,3.8473428571460246,3,560
vg1-4,9055,3.9235142857180234,3,561
vg1-2,9069,3.7736857142880256,3,562
vg1-3,9090,3.760385714288021,3,563
vg1-5,9104,3.807885714288024,3,564
vg1-6,9123,3.7508142857160243,3,565
vg1-7,9137,3.8408142857180216,3,566
vg1-8,9155,3.91287142857402,3,567
vg1-9,9172,3.0285714285740117,3,568
vg1-10,9186,3.178542857146015,3,569
vg1-11,9200,3.9349571428580132,3,570
vg1-12,9215,3.8604428571440197,3,571
vg1-13,9232,3.6823571428580193,3,572
vg1-14,9253,3.888242857144017,3,573
vg1-15,9270,3.6972571428580165,3,574
vg1-16,9284,3.7909285714300154,3,575
vg1-17,9297,3.749442857144011,3,576
vg1-0,9311,3.6943142857180273,3,577
vg1-1,9326,3.8473428571460246,3,578
vg1-4,9341,3.9235142857180234,3,579
vg1-2,9354,3.7736857142880256,3,580
vg1-3,9375,3.760385714288021,3,581
vg1-5,9389,3.807885714288024,3,582
vg1-6,9408,3.7508142857160243,3,583
vg1-7,9423,3.8408142857180216,3,584
vg1-8,9441,3.91287142857402,3,585
vg1-9,9458,3.0285714285740117,3,586
vg1-10,9471,3.178542857146015,3,587
vg1-11,9486,3.9349571428580132,3,588
vg1-12,9501,3.8604428571440197,3,589
vg1-13,9518,3.6823571428580193,3,590
vg1-14,9539,3.888242857144017,3,591
vg1-15,9555,3.6972571428580165,3,592
vg1-16,9570,3.7909285714300154,3,593
vg1-17,9583,3.749442857144011,3,594
vg1-0,9597,3.6943142857180273,3,595
vg1-1,9612,3.8473428571460246,3,596
vg1-4,9627,3.9235142857180234,3,597
vg1-2,9640,3.7736857142880256,3,598
vg1-3,9661,3.760385714288021,3,599
vg1-5,9675,3.807885714288024,3,600
vg1-6,9694,3.7508142857160243,3,601
vg1-7,9708,3.8408142857180216,3,602
vg1-8,9727,3.91287142857402,3,603
vg1-9,9744,3.0285714285740117,3,604
vg1-10,9757,3.178542857146015,3,605
vg1-11,9771,3.9349571428580132,3,606
vg1-12,9787,3.8604428571440197,3,607
vg1-13,9803,3.6823571428580193,3,608
vg1-14,9825,3.888242857144017,3,609
vg1-15,9841,3.6972571428580165,3,610
vg1-16,9856,3.7909285714300154,3,611
vg1-17,9869,3.749442857144011,3,612
vg1-0,9883,3.6943142857180273,3,613
vg1-1,9897,3.8473428571460246,3,614
vg1-4,9913,3.9235142857180234,3,615
vg1-2,9926,3.7736857142880256,3,616
vg1-3,9947,3.760385714288021,3,617
vg1-5,9961,3.807885714288024,3,618
vg1-6,9980,3.7508142857160243,3,619
vg1-7,9994,3.8408142857180216,3,620
vg1-8,10012,3.91287142857402,3,621
vg1-9,10029,3.0285714285740117,3,622
vg1-10,10043,3.178542857146015,3,623
vg1-11,10057,3.9349571428580132,3,624
vg1-12,10072,3.8604428571440197,3,625
vg1-13,10089,3.6823571428580193,3,626
vg1-14,10111,3.888242857144017,3,627
vg1-15,10127,3.6972571428580165,3,628
vg1-16,10141,3.7909285714300154,3,629
vg1-17,10155,3.749442857144011,3,630
vg1-0,10168,3.6943142857180273,3,631
vg1-1,10183,3.8473428571460246,3,632
vg1-4,10198,3.9235142857180234,3,633
vg1-2,10211,3.7736857142880256,3,634
vg1-3,10233,3.760385714288021,3,635
vg1-5,10247,3.807885714288024,3,636
vg1-6,10265,3.7508142857160243,3,637
vg1-7,10280,3.8408142857180216,3,638
vg1-8,10298,3.91287142857402,3,639
vg1-9,10315,3.0285714285740117,3,640
vg1-10,10329,3.178542857146015,3,641
vg1-11,10343,3.9349571428580132,3,642
vg1-12,10358,3.8604428571440197,3,643
vg1-13,10375,3.6823571428580193,3,644
vg1-14,10396,3.888242857144017,3,645
vg1-15,10413,3.6972571428580165,3,646
vg1-16,10427,3.7909285714300154,3,647
vg1-17,10440,3.749442857144011,3,648
vg1-0,10454,3.6943142857180273,3,649
vg1-1,10469,3.8473428571460246,3,650
vg1-4,10484,3.9235142857180234,3,651
vg1-2,10497,3.7736857142880256,3,652
vg1-3,10518,3.760385714288021,3,653
vg1-5,10532,3.807885714288024,3,654
vg1-6,10551,3.7508142857160243,3,655
vg1-7,10565,3.8408142857180216,3,656
vg1-8,10584,3.91287142857402,3,657
vg1-9,10601,3.0285714285740117,3,658
vg1-10,10614,3.178542857146015,3,659
vg1-11,10629,3.9349571428580132,3,660
vg1-12,10644,3.8604428571440197,3,661
vg1-13,10661,3.6823571428580193,3,662
vg1-14,10682,3.888242857144017,3,663
vg1-15,10698,3.6972571428580165,3,664
vg1-16,10713,3.7909285714300154,3,665
vg1-17,10726,3.749442857144011,3,666
vg1-0,10740,3.6943142857180273,3,667
vg1-1,10755,3.8473428571460246,3,668
vg1-4,10770,3.9235142857180234,3,669
vg1-2,10783,3.7736857142880256,3,670
vg1-3,10804,3.760385714288021,3,671
vg1-5,10818,3.807885714288024,3,672
vg1-6,10837,3.7508142857160243,3,673
vg1-7,10851,3.8408142857180216,3,674
vg1-8,10869,3.91287142857402,3,675
vg1-9,10887,3.0285714285740117,3,676
vg1-10,10900,3.178542857146015,3,677
vg1-11,10914,3.9349571428580132,3,678
vg1-12,10929,3.8604428571440197,3,679
vg1-13,10946,3.6823571428580193,3,680
vg1-14,10968,3.888242857144017,3,681
vg1-15,10984,3.6972571428580165,3,682
vg1-16,10999,3.7909285714300154,3,683
vg1-17,11012,3.749442857144011,3,684
vg1-0,11025,3.6943142857180273,3,685
vg1-1,11040,3.8473428571460246,3,686
vg1-4,11055,3.9235142857180234,3,687
vg1-2,11069,3.7736857142880256,3,688
vg1-3,11090,3.760385714288021,3,689
vg1-5,11104,3.807885714288024,3,690
vg1-6,11123,3.7508142857160243,3,691
vg1-7,11137,3.8408142857180216,3,692
vg1-8,11155,3.91287142857402,3,693
vg1-9,11172,3.0285714285740117,3,694
vg1-10,11186,3.178542857146015,3,695
vg1-11,11200,3.9349571428580132,3,696
vg1-12,11215,3.8604428571440197,3,697
vg1-13,11232,3.6823571428580193,3,698
vg1-14,11253,3.888242857144017,3,699
vg1-15,11270,3.6972571428580165,3,700
vg1-16,11284,3.7909285714300154,3,701
vg1-17,11297,3.749442857144011,3,702
vg1-0,11311,3.6943142857180273,3,703
vg1-1,11326,3.8473428571460246,3,704
vg1-4,11341,3.9235142857180234,3,705
vg1-2,11354,3.7736857142880256,3,706
vg1-3,11375,3.760385714288021,3,707
vg1-5,11389,3.807885714288024,3,708
vg1-6,11408,3.7508142857160243,3,709
vg1-7,11423,3.8408142857180216,3,710
vg1-8,11441,3.91287142857402,3,711
vg1-9,11458,3.0285714285740117,3,712
vg1-10,11471,3.178542857146015,3,713
vg1-11,11486,3.9349571428580132,3,714
vg1-12,11501,3.8604428571440197,3,715
vg1-13,11518,3.6823571428580193,3,716
vg1-14,11539,3.888242857144017,3,717
vg1-15,11555,3.6972571428580165,3,718
vg1-16,11570,3.7909285714300154,3,719
vg1-17,11583,3.749442857144011,3,720
vg1-0,11597,3.6943142857180273,3,721
vg1-1,11612,3.8473428571460246,3,722
vg1-4,11627,3.9235142857180234,3,723
vg1-2,11640,3.7736857142880256,3,724
vg1-3,11661,3.760385714288021,3,725
vg1-5,11675,3.807885714288024,3,726
vg1-6,11694,3.7508142857160243,3,727
vg1-7,11708,3.8408142857180216,3,728
vg1-8,11727,3.91287142857402,3,729
vg1-9,11744,3.0285714285740117,3,730
vg1-10,11757,3.178542857146015,3,731
vg1-11,11771,3.9349571428580132,3,732
vg1-12,11787,3.8604428571440197,3,733
vg1-13,11803,3.6823571428580193,3,734
vg1-14,11825,3.888242857144017,3,735
vg1-15,11841,3.6972571428580165,3,736
vg1-16,11856,3.7909285714300154,3,737
vg1-17,11869,3.749442857144011,3,738
vg1-0,11883,3.6943142857180273,3,739
vg1-1,11897,3.8473428571460246,3,740
vg1-4,11913,3.9235142857180234,3,741
vg1-2,11926,3.7736857142880256,3,742
vg1-3,11947,3.760385714288021,3,743
vg1-5,11961,3.807885714288024,3,744
vg1-6,11980,3.7508142857160243,3,745
vg1-7,11994,3.8408142857180216,3,746
vg1-8,12012,3.91287142857402,3,747
vg1-9,12029,3.0285714285740117,3,748
vg1-10,12043,3.178542857146015,3,749
vg1-11,12057,3.9349571428580132,3,750
vg1-12,12072,3.8604428571440197,3,751
vg1-13,12089,3.6823571428580193,3,752
vg1-14,12111,3.888242857144017,3,753
vg1-15,12127,3.6972571428580165,3,754
vg1-16,12141,3.7909285714300154,3,755
vg1-17,12155,3.749442857144011,3,756
vg1-0,12168,3.6943142857180273,3,757
vg1-1,12183,3.8473428571460246,3,758
vg1-4,12198,3.9235142857180234,3,759
vg1-2,12211,3.7736857142880256,3,760
vg1-3,12233,3.760385714288021,3,761
vg1-5,12247,3.807885714288024,3,762
vg1-6,12265,3.7508142857160243,3,763
vg1-7,12280,3.8408142857180216,3,764
vg1-8,12298,3.91287142857402,3,765
vg1-9,12315,3.0285714285740117,3,766
vg1-10,12329,3.178542857146015,3,767
vg1-11,12343,3.9349571428580132,3,768
vg1-12,12358,3.8604428571440197,3,769
vg1-13,12375,3.6823571428580193,3,770
vg1-14,12396,3.888242857144017,3,771
vg1-15,12413,3.6972571428580165,3,772
vg1-16,12427,3.7909285714300154,3,773
vg1-17,12440,3.749442857144011,3,774
vg1-0,12454,3.6943142857180273,3,775
vg1-1,12469,3.8473428571460246,3,776
vg1-4,12484,3.9235142857180234,3,777
vg1-2,12497,3.7736857142880256,3,778
vg1-3,12518,3.760385714288021,3,779
vg1-5,12532,3.807885714288024,3,780
vg1-6,12551,3.7508142857160243,3,781
vg1-7,12565,3.8408142857180216,3,782
vg1-8,12584,3.91287142857402,3,783
vg1-9,12601,3.0285714285740117,3,784
vg1-10,12614,3.178542857146015,3,785
vg1-11,12629,3.9349571428580132,3,786
vg1-12,12644,3.8604428571440197,3,787
vg1-13,12661,3.6823571428580193,3,788
vg1-14,12682,3.888242857144017,3,789
vg1-15,12698,3.6972571428580165,3,790
vg1-16,12713,3.7909285714300154,3,791
vg1-17,12726,3.749442857144011,3,792
vg1-0,12740,3.6943142857180273,3,793
vg1-1,12755,3.8473428571460246,3,794
vg1-4,12770,3.9235142857180234,3,795
vg1-2,12783,3.7736857142880256,3,796
vg1-3,12804,3.760385714288021,3,797
vg1-5,12818,3.807885714288024,3,798
vg1-6,12837,3.7508142857160243,3,799
vg1-7,12851,3.8408142857180216,3,800
vg1-8,12869,3.91287142857402,3,801
vg1-9,12887,3.0285714285740117,3,802
vg1-10,12900,3.178542857146015,3,803
vg1-11,12914,3.9349571428580132,3,804
vg1-12,12929,3.8604428571440197,3,805
vg1-13,12946,3.6823571428580193,3,806
vg1-14,12968,3.888242857144017,3,807
vg1-15,12984,3.6972571428580165,3,808
vg1-16,12999,3.7909285714300154,3,809
vg1-17,13012,3.749442857144011,3,810
vg1-0,13025,3.6943142857180273,3,811
vg1-1,13040,3.8473428571460246,3,812
vg1-4,13055,3.9235142857180234,3,813
vg1-2,13069,3.7736857142880256,3,814
vg1-3,13090,3.760385714288021,3,815
vg1-5,13104,3.807885714288024,3,816
vg1-6,13123,3.7508142857160243,3,817
vg1-7,13137,3.8408142857180216,3,818
vg1-8,13155,3.91287142857402,3,819
vg1-9,13172,3.0285714285740117,3,820
vg1-10,13186,3.178542857146015,3,821
vg1-11,13200,3.9349571428580132,3,822
vg1-12,13215,3.8604428571440197,3,823
vg1-13,13232,3.6823571428580193,3,824
vg1-14,13253,3.888242857144017,3,825
vg1-15,13270,3.6972571428580165,3,826
vg1-16,13284,3.7909285714300154,3,827
vg1-17,13297,3.749442857144011,3,828
vg1-0,13311,3.6943142857180273,3,829
vg1-1,13326,3.8473428571460246,3,830
