id,tick,speed(float),speed(discrete),Tot v
vg1-0,145,1.1130285714300143,1,1
vg1-1,160,2.1474571428580127,2,2
vg1-2,176,3.187957142858013,3,3
vg1-3,189,3.1608571428580103,3,4
vg1-4,203,3.7805000000000124,3,5
vg1-5,216,3.7925714285720113,3,6
vg1-6,229,3.078642857144013,3,7
vg1-7,249,3.885400000000013,3,8
vg1-8,265,3.814700000000016,3,9
vg1-9,279,3.7005857142860137,3,10
vg1-10,295,4.4238571428580125,4,11
vg1-11,308,4.013100000000015,4,12
vg1-0,320,5.000000000002027,5,13
vg1-1,331,4.178542857144028,4,14
vg1-2,346,3.985357142858029,3,15
vg1-3,359,3.9468571428580272,3,16
vg1-4,372,3.75650000000003,3,17
vg1-5,387,3.8604571428580234,3,18
vg1-6,400,4.4076428571440305,4,19
vg1-7,415,4.809057142858038,4,20
vg1-8,427,5.039300000000039,5,21
vg1-9,439,5.040385714288033,5,22
vg1-10,451,5.082057142858033,5,23
vg1-11,464,4.810500000000036,4,24
vg1-0,480,3.7256000000020464,3,25
vg1-1,494,4.396342857144044,4,26
vg1-2,508,4.330100000002046,4,27
vg1-3,524,4.245914285716049,4,28
vg1-4,537,5.004500000000049,5,29
vg1-5,547,4.911657142858047,4,30
vg1-6,559,4.591842857144055,4,31
vg1-7,572,4.738857142858062,4,32
vg1-8,586,4.111357142858055,4,33
vg1-9,602,4.436871428574053,4,34
vg1-10,614,4.178457142858053,4,35
vg1-11,621,3.9987000000000545,3,36
vg1-0,638,4.579142857146065,4,37
vg1-1,649,4.811542857144064,4,38
vg1-2,663,4.177785714288066,4,39
vg1-3,678,4.024000000002069,4,40
vg1-4,690,4.482242857144066,4,41
vg1-5,702,5.117800000002073,5,42
vg1-6,714,5.144442857144079,5,43
vg1-7,726,5.002942857144084,5,44
vg1-8,739,4.83924285714408,4,45
vg1-9,755,3.995871428574078,3,46
vg1-10,766,5.010142857144074,5,47
vg1-11,776,3.8469857142860686,3,48
vg1-0,791,4.357742857146088,4,49
vg1-1,803,3.848714285716083,3,50
vg1-2,820,4.581071428574085,4,51
vg1-3,834,4.369257142860095,4,52
vg1-4,849,3.901614285716086,3,53
vg1-5,864,4.7449428571460945,4,54
vg1-6,883,3.8232428571440993,3,55
vg1-7,900,4.191142857144107,4,56
vg1-8,910,4.386242857144101,4,57
vg1-9,924,4.3758428571461,4,58
vg1-10,941,3.8859142857160966,3,59
vg1-11,956,4.18058571428609,4,60
vg1-0,968,4.065457142864111,4,61
vg1-1,984,4.436114285716103,4,62
vg1-2,998,3.838357142860104,3,63
vg1-3,1011,4.3099428571461145,4,64
vg1-4,1024,4.060614285718103,4,65
vg1-5,1039,4.152914285718112,4,66
vg1-6,1051,5.01364285714412,5,67
vg1-7,1062,5.056771428574126,5,68
vg1-8,1074,4.327528571430121,4,69
vg1-9,1093,4.096414285718122,4,70
vg1-10,1105,4.520285714288116,4,71
vg1-11,1116,5.092242857144108,5,72
vg1-0,1136,4.472857142866133,4,73
vg1-1,1148,5.117714285716122,5,74
vg1-2,1160,5.028242857146127,5,75
vg1-3,1174,5.048714285718133,5,76
vg1-4,1185,4.753014285718125,4,77
vg1-5,1195,4.579771428576134,4,78
vg1-6,1208,4.908042857144141,4,79
vg1-7,1228,5.111714285718147,5,80
vg1-8,1234,4.68392857143014,4,81
vg1-9,1242,4.685185714290145,4,82
vg1-10,1256,4.86648571428814,4,83
vg1-11,1269,4.326471428574132,4,84
vg1-0,1280,4.517857142866155,4,85
vg1-1,1293,4.6881142857161455,4,86
vg1-2,1306,5.211928571432148,5,87
vg1-3,1318,4.086914285718153,4,88
vg1-4,1330,4.415814285718146,4,89
vg1-5,1345,4.670457142862155,4,90
vg1-6,1358,4.79104285714416,4,91
vg1-7,1367,5.180200000004171,5,92
vg1-8,1382,3.803728571430166,3,93
vg1-9,1399,4.03538571429017,4,94
vg1-10,1412,3.985342857146163,3,95
vg1-11,1425,3.7690714285741524,3,96
vg1-0,1437,3.8794571428661726,3,97
vg1-1,1453,4.350057142860167,4,98
vg1-2,1468,3.879500000004162,3,99
vg1-3,1482,3.842114285718175,3,100
vg1-4,1496,3.9628142857181667,3,101
vg1-5,1511,4.009257142862174,4,102
vg1-6,1522,3.921728571430183,3,103
vg1-7,1533,3.998800000004189,3,104
vg1-8,1541,4.704928571430184,4,105
vg1-9,1554,4.184271428576194,4,106
vg1-10,1569,4.747171428576183,4,107
vg1-11,1582,4.4272714285741745,4,108
vg1-0,1595,4.063142857152193,4,109
vg1-1,1607,5.054542857146191,5,110
vg1-2,1620,5.104357142862182,5,111
vg1-3,1635,5.078714285718195,5,112
vg1-4,1647,4.968414285718189,4,113
vg1-5,1659,5.049657142862192,5,114
vg1-6,1673,4.741500000002205,4,115
vg1-7,1684,4.425057142862208,4,116
vg1-8,1697,3.9742142857162075,3,117
vg1-9,1710,4.553271428576218,4,118
vg1-10,1724,4.0968571428622065,4,119
vg1-11,1738,4.078157142860196,4,120
vg1-0,1751,4.558142857152217,4,121
vg1-1,1765,4.531342857146212,4,122
vg1-2,1780,4.141357142862202,4,123
vg1-3,1792,4.174514285718213,4,124
vg1-4,1804,4.656242857148211,4,125
vg1-5,1815,4.735857142862214,4,126
vg1-6,1828,4.207242857146228,4,127
vg1-7,1841,4.053057142862229,4,128
vg1-8,1854,3.995814285716227,3,129
vg1-9,1865,3.938871428576239,3,130
vg1-10,1875,3.7591428571482277,3,131
vg1-11,1889,4.574357142860216,4,132
vg1-0,1903,4.070085714296237,4,133
vg1-1,1918,4.715200000004234,4,134
vg1-2,1931,5.0078428571482245,5,135
vg1-3,1942,4.682114285718237,4,136
vg1-4,1955,5.001842857148235,5,137
vg1-5,1968,4.120514285720236,4,138
vg1-6,1982,4.436185714290251,4,139
vg1-7,1999,3.9702571428622515,3,140
vg1-8,2012,4.614757142860245,4,141
vg1-9,2024,4.642242857148258,4,142
vg1-10,2035,4.521314285720249,4,143
vg1-11,2048,5.0357571428602395,5,144
vg1-0,2064,5.155742857154259,5,145
vg1-1,2075,5.234371428576252,5,146
vg1-2,2091,3.9065000000062415,3,147
vg1-3,2104,4.286200000004254,4,148
vg1-4,2119,4.2016142857202565,4,149
vg1-5,2131,4.072514285720257,4,150
vg1-6,2144,4.272385714290271,4,151
vg1-7,2159,3.957228571434272,3,152
vg1-8,2170,4.914157142860265,4,153
vg1-9,2182,4.755900000006277,4,154
vg1-10,2193,4.705514285720273,4,155
vg1-11,2206,3.957728571432261,3,156
vg1-0,2219,3.789628571440284,3,157
vg1-1,2239,4.132942857148272,4,158
vg1-2,2252,4.05470000000626,4,159
vg1-3,2267,4.307800000004273,4,160
vg1-4,2282,4.129700000006279,4,161
vg1-5,2296,4.1169142857202745,4,162
vg1-6,2309,3.831385714290291,3,163
vg1-7,2322,5.135200000006296,5,164
vg1-8,2331,5.134871428576282,5,165
vg1-9,2346,4.650042857150295,4,166
vg1-10,2358,4.356914285720292,4,167
vg1-11,2372,4.649785714292284,4,168
vg1-0,2388,4.134714285726303,4,169
vg1-1,2407,3.7952285714342935,3,170
vg1-2,2424,3.9134428571502777,3,171
vg1-3,2440,3.785200000004294,3,172
vg1-4,2453,4.949557142864301,4,173
vg1-5,2466,4.151628571438289,4,174
vg1-6,2480,4.790357142862307,4,175
vg1-7,2496,4.045600000006313,4,176
vg1-8,2509,4.0918142857202975,4,177
vg1-9,2522,5.0418428571503116,5,178
vg1-10,2534,4.459600000006308,4,179
vg1-11,2551,4.011985714292304,4,180
vg1-0,2565,5.23245714287032,5,181
vg1-1,2578,5.019400000006312,5,182
vg1-2,2589,5.092442857150296,5,183
vg1-3,2599,5.195200000004314,5,184
vg1-4,2615,4.357528571436322,4,185
vg1-5,2625,3.8498285714383096,3,186
vg1-6,2642,3.8052428571483237,3,187
vg1-7,2657,3.8014857142923306,3,188
vg1-8,2672,3.802700000008315,3,189
vg1-9,2690,3.941014285722331,3,190
vg1-10,2704,4.897000000006329,4,191
vg1-11,2716,5.028557142864325,5,192
vg1-0,2726,4.1773142857303425,4,193
vg1-1,2740,3.9304000000063333,3,194
vg1-2,2752,3.8403285714363165,3,195
vg1-3,2769,3.7582000000043303,3,196
vg1-4,2787,3.950728571436338,3,197
vg1-5,2804,4.172628571438329,4,198
vg1-6,2816,3.965271428578336,3,199
vg1-7,2829,3.7774857142923484,3,200
vg1-8,2841,5.120900000008331,5,201
vg1-9,2852,5.235471428580351,5,202
vg1-10,2865,4.09660000000635,4,203
vg1-11,2876,4.089128571438346,4,204
vg1-0,2888,4.163857142874362,4,205
vg1-1,2901,3.5743428571523492,3,206
vg1-2,2915,4.417528571436333,4,207
vg1-3,2926,4.717000000004348,4,208
vg1-4,2938,5.117900000008362,5,209
vg1-5,2949,5.154485714296351,5,210
vg1-6,2963,5.09747142857836,5,211
vg1-7,2974,4.354685714292372,4,212
vg1-8,2985,3.7189571428663517,3,213
vg1-9,3001,3.9850714285803743,3,214
vg1-10,3018,3.887200000006371,3,215
vg1-11,3037,3.7754142857243638,3,216
vg1-0,3052,3.862057142874381,3,217
vg1-1,3066,3.746628571438367,3,218
vg1-2,3080,3.8151285714363494,3,219
vg1-3,3094,3.916771428576364,3,220
vg1-4,3107,3.844100000008379,3,221
vg1-5,3122,3.718685714296365,3,222
vg1-6,3136,3.7192714285783772,3,223
vg1-7,3157,3.68268571429239,3,224
vg1-8,3171,4.027614285724366,4,225
vg1-9,3186,4.874871428580387,4,226
vg1-10,3199,4.754285714292386,4,227
vg1-11,3211,5.1746142857243775,5,228
vg1-0,3223,5.0182571428743925,5,229
vg1-1,3234,5.08822857143838,5,230
vg1-2,3248,5.237728571436364,5,231
vg1-3,3260,5.095857142862377,5,232
vg1-4,3272,4.977500000008399,4,233
vg1-5,3287,4.458742857156383,4,234
vg1-6,3299,4.875471428578392,4,235
vg1-7,3313,5.0231714285784115,5,236
vg1-8,3324,4.766900000010388,4,237
vg1-9,3335,5.2319571428664045,5,238
vg1-10,3355,5.090714285722405,5,239
vg1-11,3368,5.069100000010399,5,240
vg1-0,3381,5.220885714304412,5,241
vg1-1,3394,5.110514285724401,5,242
vg1-2,3408,4.90070000000838,4,243
vg1-3,3422,4.284142857148392,4,244
vg1-4,3434,3.958100000008418,3,245
vg1-5,3444,4.121628571442405,4,246
vg1-6,3458,4.387671428578415,4,247
vg1-7,3468,4.732171428578433,4,248
vg1-8,3492,5.169585714298406,5,249
vg1-9,3504,4.6056428571524215,4,250
vg1-10,3520,4.013114285722427,4,251
vg1-11,3534,4.15238571429642,4,252
vg1-0,3547,3.7028857143044336,3,253
vg1-1,3558,4.205800000010418,4,254
vg1-2,3573,4.045014285724397,4,255
vg1-3,3584,5.115057142864412,5,256
vg1-4,3599,5.124500000008441,5,257
vg1-5,3611,4.652628571442431,4,258
vg1-6,3619,5.195957142864438,5,259
vg1-7,3633,5.088742857150456,5,260
vg1-8,3647,5.006042857156427,5,261
vg1-9,3658,3.875014285724445,3,262
vg1-10,3668,5.08788571429445,5,263
vg1-11,3679,4.834157142868438,4,264
vg1-0,3692,4.291657142876451,4,265
vg1-1,3709,4.123085714296438,4,266
vg1-2,3721,4.078014285724415,4,267
vg1-3,3733,4.8714571428644335,4,268
vg1-4,3747,3.8045857142944577,3,269
vg1-5,3769,3.9806285714424474,3,270
vg1-6,3782,3.725357142864456,3,271
vg1-7,3795,3.768228571438474,3,272
vg1-8,3811,3.9632428571564438,3,273
vg1-9,3826,3.851014285724462,3,274
vg1-10,3839,3.720485714294467,3,275
vg1-11,3856,3.884357142868455,3,276
vg1-0,3869,3.746942857162467,3,277
vg1-1,3882,3.9017714285824554,3,278
vg1-2,3894,5.071700000010434,5,279
vg1-3,3908,4.823628571436452,4,280
vg1-4,3920,4.6715857142944754,4,281
vg1-5,3932,5.032600000014462,5,282
vg1-6,3942,4.638642857150473,4,283
vg1-7,3955,4.7858285714384925,4,284
vg1-8,3971,3.718442857156461,3,285
vg1-9,3988,3.9776142857244805,3,286
vg1-10,4003,3.7423428571524857,3,287
vg1-11,4018,3.8594142857264746,3,288
vg1-0,4031,4.253942857162489,4,289
vg1-1,4041,5.117714285726481,5,290
vg1-2,4054,4.768442857154456,4,291
vg1-3,4071,3.9191714285804724,3,292
vg1-4,4081,3.929471428580495,3,293
vg1-5,4097,5.064828571444481,5,294
vg1-6,4109,5.123442857150492,5,295
vg1-7,4124,5.061914285724511,5,296
vg1-8,4135,4.365242857156487,4,297
vg1-9,4147,4.3694142857245035,4,298
vg1-10,4164,5.220742857154507,5,299
vg1-11,4177,4.748785714298499,4,300
vg1-0,4189,5.08451428573451,5,301
vg1-1,4200,4.340371428584504,4,302
vg1-2,4219,4.336785714298475,4,303
vg1-3,4231,5.063371428580495,5,304
vg1-4,4246,4.2864714285805166,4,305
vg1-5,4259,4.8201142857305035,4,306
vg1-6,4276,4.425985714294512,4,307
vg1-7,4287,4.447514285724535,4,308
vg1-8,4299,3.69272857144251,3,309
vg1-9,4312,4.633414285724526,4,310
vg1-10,4325,4.396942857156529,4,311
vg1-11,4344,3.9261857142985193,3,312
vg1-0,4357,4.366314285734532,4,313
vg1-1,4371,4.01354285715652,4,314
vg1-2,4384,4.091385714298495,4,315
vg1-3,4397,4.448371428580514,4,316
vg1-4,4410,4.95607142858054,4,317
vg1-5,4425,4.586371428588526,4,318
vg1-6,4437,3.879985714294537,3,319
vg1-7,4449,4.0285428571545605,4,320
vg1-8,4460,4.8939285714425385,4,321
vg1-9,4468,5.059671428582549,5,322
vg1-10,4480,5.182342857156553,5,323
vg1-11,4492,4.734471428584542,4,324
vg1-0,4506,4.387571428592558,4,325
vg1-1,4520,4.127542857156542,4,326
vg1-2,4533,4.587671428584517,4,327
vg1-3,4549,4.827400000010537,4,328
vg1-4,4562,4.387271428580563,4,329
vg1-5,4576,3.890028571446546,3,330
vg1-6,4591,3.8445857142945563,3,331
vg1-7,4608,3.9349428571545806,3,332
vg1-8,4623,3.932128571442556,3,333
vg1-9,4638,4.052271428582565,4,334
vg1-10,4652,4.080228571442573,4,335
vg1-11,4665,4.916871428584562,4,336
vg1-0,4677,4.650971428594578,4,337
vg1-1,4688,4.091542857156558,4,338
vg1-2,4700,4.689671428586535,4,339
vg1-3,4713,3.8542857142965588,3,340
vg1-4,4726,4.176757142866585,4,341
vg1-5,4740,3.8529142857325667,3,342
vg1-6,4759,4.166185714294579,4,343
vg1-7,4771,4.395742857154602,4,344
vg1-8,4782,4.589900000014579,4,345
vg1-9,4796,4.8833571428685865,4,346
vg1-10,4809,5.062428571442595,5,347
vg1-11,4822,4.382528571442583,4,348
vg1-0,4837,3.8733714285945986,3,349
vg1-1,4851,4.541114285728571,4,350
vg1-2,4863,4.3996142857305545,4,351
vg1-3,4874,4.523542857154583,4,352
vg1-4,4887,4.614757142866606,4,353
vg1-5,4903,4.8910000000185905,4,354
vg1-6,4913,5.0319857142946,5,355
vg1-7,4927,4.080914285726624,4,356
vg1-8,4939,3.7091000000146046,3,357
vg1-9,4954,3.9906428571546093,3,358
vg1-10,4968,4.424114285728618,4,359
vg1-11,4979,4.670185714300607,4,360
vg1-0,4989,3.8601714285946205,3,361
vg1-1,5005,4.435342857158593,4,362
vg1-2,5017,5.080357142874575,5,363
vg1-3,5028,4.557142857154607,4,364
vg1-4,5040,4.150357142866631,4,365
vg1-5,5057,3.976000000018617,3,366
vg1-6,5069,3.7695857142946236,3,367
vg1-7,5086,3.940171428584642,3,368
vg1-8,5103,4.090100000014625,4,369
vg1-9,5115,4.567928571440629,4,370
vg1-10,5129,4.06420000001464,4,371
vg1-11,5142,4.761385714300629,4,372
vg1-0,5153,5.154971428594641,5,373
vg1-1,5165,4.444857142874614,4,374
vg1-2,5178,4.708700000018591,4,375
vg1-3,5190,4.405428571440625,4,376
vg1-4,5203,4.043728571440652,4,377
vg1-5,5219,3.685257142876635,3,378
vg1-6,5237,4.0107857142946415,4,379
vg1-7,5250,4.204428571442661,4,380
vg1-8,5261,5.153900000014644,5,381
vg1-9,5274,4.347128571440649,4,382
vg1-10,5286,4.8502000000146595,4,383
vg1-11,5298,4.528585714300643,4,384
vg1-0,5312,4.077971428594662,4,385
vg1-1,5325,4.003857142874634,4,386
vg1-2,5337,4.175300000018611,4,387
vg1-3,5348,4.392828571440647,4,388
vg1-4,5364,3.8568714285846744,3,389
vg1-5,5377,3.7762000000206584,3,390
vg1-6,5389,4.715871428580668,4,391
vg1-7,5401,3.752028571442687,3,392
vg1-8,5415,3.8447000000146705,3,393
vg1-9,5427,4.357328571440673,4,394
vg1-10,5437,4.119400000014685,4,395
vg1-11,5452,4.584985714300665,4,396
vg1-0,5463,3.8680571428806845,3,397
vg1-1,5483,4.927685714304657,4,398
vg1-2,5499,5.1221000000206285,5,399
vg1-3,5512,5.14351428572667,5,400
vg1-4,5524,4.329157142870694,4,401
vg1-5,5538,5.012371428592678,5,402
vg1-6,5559,3.6358714285826887,3,403
vg1-7,5571,3.9242285714427085,3,404
vg1-8,5584,3.78530000001469,3,405
vg1-9,5597,4.080557142870694,4,406
vg1-10,5611,4.650400000014704,4,407
vg1-11,5626,4.374642857158688,4,408
vg1-0,5640,3.8891428571667057,3,409
vg1-1,5654,4.185657142876677,4,410
vg1-2,5670,3.8817285714506453,3,411
vg1-3,5686,3.949685714298691,3,412
vg1-4,5700,4.060357142870714,4,413
vg1-5,5714,4.651771428592697,4,414
vg1-6,5725,4.572042857154707,4,415
vg1-7,5738,4.409028571442727,4,416
vg1-8,5752,5.102471428586706,5,417
vg1-9,5767,5.09772857144271,5,418
vg1-10,5780,4.822771428586726,4,419
vg1-11,5790,4.465928571444704,4,420
vg1-0,5800,4.871942857166724,4,421
vg1-1,5817,4.150257142876695,4,422
vg1-2,5831,3.9954714285946644,3,423
vg1-3,5846,3.740371428584707,3,424
vg1-4,5861,4.753357142870731,4,425
vg1-5,5873,4.523028571450715,4,426
vg1-6,5889,4.792585714298723,4,427
vg1-7,5900,5.136828571442747,5,428
vg1-8,5918,4.89281428573072,4,429
vg1-9,5929,5.177100000014726,5,430
vg1-10,5941,5.111371428586742,5,431
vg1-11,5953,5.078100000016724,5,432
vg1-0,5966,5.240342857166742,5,433
vg1-1,5978,4.299142857162713,4,434
vg1-2,5989,4.595128571452684,4,435
vg1-3,6001,4.699771428584728,4,436
vg1-4,6016,3.791557142870751,3,437
vg1-5,6029,4.197400000022734,4,438
vg1-6,6043,4.432157142870743,4,439
vg1-7,6059,5.099885714300769,5,440
vg1-8,6072,3.74630000001674,3,441
vg1-9,6085,3.879900000014743,3,442
vg1-10,6096,4.773657142872769,4,443
vg1-11,6108,4.3348714285887455,4,444
vg1-0,6122,4.868514285738764,4,445
vg1-1,6135,4.124200000020735,4,446
vg1-2,6148,3.9796142857387053,3,447
vg1-3,6160,4.40877142858475,4,448
vg1-4,6175,5.131271428586773,5,449
vg1-5,6186,4.057000000022753,4,450
vg1-6,6201,3.8633571428707665,3,451
vg1-7,6221,4.160885714300794,4,452
vg1-8,6235,4.160300000016759,4,453
vg1-9,6246,4.316957142872767,4,454
vg1-10,6260,3.9386285714447906,3,455
vg1-11,6272,4.750071428588768,4,456
vg1-0,6284,4.9249142857387875,4,457
vg1-1,6297,4.237600000020755,4,458
vg1-2,6311,3.770214285738726,3,459
vg1-3,6325,3.7705428571567694,3,460
vg1-4,6339,3.984071428586794,3,461
vg1-5,6351,4.217200000022775,4,462
vg1-6,6365,3.6763285714427845,3,463
vg1-7,6377,4.679885714300813,4,464
vg1-8,6389,5.050100000016781,5,465
vg1-9,6404,4.997528571444791,4,466
vg1-10,6421,4.329828571446809,4,467
vg1-11,6433,3.93887142858879,3,468
vg1-0,6443,4.715514285738809,4,469
vg1-1,6456,4.930085714306774,4,470
vg1-2,6469,5.099300000024745,5,471
vg1-3,6482,5.111542857156793,5,472
vg1-4,6493,5.209871428586818,5,473
vg1-5,6506,5.00440000002679,5,474
vg1-6,6520,5.075614285728801,5,475
vg1-7,6535,5.014685714300833,5,476
vg1-8,6546,5.1185857143027995,5,477
vg1-9,6557,5.03112857144481,5,478
vg1-10,6570,5.196228571446828,5,479
vg1-11,6582,5.140671428588809,5,480
vg1-0,6596,5.084514285738832,5,481
vg1-1,6609,4.523885714306795,4,482
vg1-2,6621,5.225300000024763,5,483
vg1-3,6632,5.1451428571568085,5,484
vg1-4,6643,5.2206714285868365,5,485
vg1-5,6654,5.177200000026808,5,486
vg1-6,6669,5.08641428572882,5,487
vg1-7,6680,4.78248571430085,4,488
vg1-8,6697,3.8909857143028175,3,489
vg1-9,6709,3.687728571444831,3,490
vg1-10,6723,3.702828571446843,3,491
vg1-11,6738,4.22515714287483,4,492
vg1-0,6750,3.1774571428828375,3,493
vg1-1,6765,3.7817714285928155,3,494
vg1-2,6780,3.9396714285967818,3,495
vg1-3,6794,3.8473428571568293,3,496
vg1-4,6809,4.304471428586859,4,497
vg1-5,6821,4.06540000002683,4,498
vg1-6,6837,4.0790142857288405,4,499
vg1-7,6852,4.468771428586869,4,500
vg1-8,6863,4.953328571446839,4,501
vg1-9,6874,5.039185714302853,5,502
vg1-10,6887,5.216114285732863,5,503
vg1-11,6902,5.080242857160852,5,504
vg1-0,6913,4.795400000026859,4,505
vg1-1,6925,5.053171428592837,5,506
vg1-2,6938,4.192871428596804,4,507
vg1-3,6951,4.181628571442855,4,508
vg1-4,6971,5.007671428588878,5,509
vg1-5,6985,5.0933714285988465,5,510
vg1-6,6999,4.902042857158857,4,511
vg1-7,7010,4.745457142872888,4,512
vg1-8,7022,5.067585714304861,5,513
vg1-9,7035,5.049471428588874,5,514
vg1-10,7046,5.0758000000188845,5,515
vg1-11,7058,5.206328571446873,5,516
vg1-0,7070,4.817600000026882,4,517
vg1-1,7082,5.0515428571648595,5,518
vg1-2,7094,4.793471428596822,4,519
vg1-3,7107,5.025314285728876,5,520
vg1-4,7119,5.168471428588896,5,521
vg1-5,7134,5.207457142884866,5,522
vg1-6,7145,4.299642857158876,4,523
vg1-7,7158,4.733457142872911,4,524
vg1-8,7170,5.031328571448879,5,525
vg1-9,7183,3.9496714285888928,3,526
vg1-10,7199,3.9754857143049014,3,527
vg1-11,7212,3.943585714304895,3,528
vg1-0,7225,3.9133142857429055,3,529
vg1-1,7242,4.899142857164881,4,530
vg1-2,7256,4.745557142882846,4,531
vg1-3,7269,4.386571428586895,4,532
vg1-4,7280,3.998042857160912,3,533
vg1-5,7294,3.8058571428848857,3,534
vg1-6,7306,4.1820428571588915,4,535
vg1-7,7321,4.43028571430293,4,536
vg1-8,7334,4.138614285734898,4,537
vg1-9,7343,3.9952714285889126,3,538
vg1-10,7353,5.108285714304923,5,539
vg1-11,7366,5.063871428590916,5,540
vg1-0,7382,4.9412000000289265,4,541
vg1-1,7392,4.723942857164904,4,542
vg1-2,7404,5.165814285740869,5,543
vg1-3,7417,4.524057142872917,4,544
vg1-4,7429,4.4921857143049255,4,545
vg1-5,7442,5.13502857145691,5,546
vg1-6,7456,4.065042857158915,4,547
vg1-7,7470,3.7696857143029456,3,548
vg1-8,7486,4.322385714306919,4,549
vg1-9,7500,4.3593000000189255,4,550
vg1-10,7510,4.736542857162943,4,551
vg1-11,7524,4.853871428590937,4,552
vg1-0,7536,5.090000000028947,5,553
vg1-1,7553,4.027685714308921,4,554
vg1-2,7566,4.585700000026887,4,555
vg1-3,7580,4.186857142872941,4,556
vg1-4,7593,5.045385714304948,5,557
vg1-5,7610,5.02917142860093,5,558
vg1-6,7621,4.0978714285889355,4,559
vg1-7,7638,3.9984571428749653,3,560
vg1-8,7652,4.171957142880938,4,561
vg1-9,7662,4.42658571430495,4,562
vg1-10,7674,4.920142857162967,4,563
vg1-11,7683,4.054071428590959,4,564
vg1-0,7697,3.6884000000289685,3,565
vg1-1,7712,3.8993714285949386,3,566
vg1-2,7729,3.7731285714569047,3,567
vg1-3,7747,4.196457142872961,4,568
vg1-4,7760,3.921671428590971,3,569
vg1-5,7773,4.749571428600952,4,570
vg1-6,7785,5.091042857160957,5,571
vg1-7,7796,5.0499142857329815,5,572
vg1-8,7807,4.517557142880962,4,573
vg1-9,7821,3.974185714304972,3,574
vg1-10,7837,3.9801142857349903,3,575
vg1-11,7850,3.752014285734985,3,576
vg1-0,7863,4.0682000000289875,4,577
vg1-1,7875,3.897657142880961,3,578
vg1-2,7888,4.84832857145693,4,579
vg1-3,7899,3.68542857144498,3,580
vg1-4,7913,3.932042857162993,3,581
vg1-5,7927,3.8228285714589685,3,582
vg1-6,7941,3.794442857160977,3,583
vg1-7,7955,4.1697142857330025,4,584
vg1-8,7969,4.147785714310983,4,585
vg1-9,7982,4.840071428590992,4,586
vg1-10,7994,3.9208857143070124,3,587
vg1-11,8009,4.259014285735009,4,588
vg1-0,8022,4.205085714315011,4,589
vg1-1,8037,3.8605428571669815,3,590
vg1-2,8049,4.938928571456951,4,591
vg1-3,8067,4.391628571447,4,592
vg1-4,8081,4.057528571449015,4,593
vg1-5,8093,5.1050285714589885,5,594
vg1-6,8105,5.054442857161,5,595
vg1-7,8117,5.162714285733022,5,596
vg1-8,8126,3.995985714310996,3,597
vg1-9,8139,4.422042857163016,4,598
vg1-10,8153,4.428657142879032,4,599
vg1-11,8163,4.847100000021028,4,600
vg1-0,8178,3.833257142887029,3,601
vg1-1,8191,4.0789428571669974,4,602
vg1-2,8207,4.06970000002897,4,603
vg1-3,8222,4.159514285733017,4,604
vg1-4,8236,4.010728571449031,4,605
vg1-5,8248,4.364028571459007,4,606
vg1-6,8264,3.8150142857330165,3,607
vg1-7,8279,4.178114285733041,4,608
vg1-8,8291,4.862385714311016,4,609
vg1-9,8309,4.3155000000210375,4,610
vg1-10,8322,5.145057142879053,5,611
vg1-11,8333,4.763014285737048,4,612
vg1-0,8345,4.74645714288705,4,613
vg1-1,8359,5.222800000025019,5,614
vg1-2,8372,5.074185714314992,5,615
vg1-3,8384,4.654771428591034,4,616
vg1-4,8398,4.668928571449051,4,617
vg1-5,8409,3.899714285745026,3,618
vg1-6,8425,5.039528571449034,5,619
vg1-7,8436,5.067314285733061,5,620
vg1-8,8449,5.126557142883036,5,621
vg1-9,8464,4.533300000021062,4,622
vg1-10,8476,5.166657142879073,5,623
vg1-11,8488,4.437814285737072,4,624
vg1-0,8503,5.14974285717307,5,625
vg1-1,8519,4.341657142883039,4,626
vg1-2,8530,4.4219000000310125,4,627
vg1-3,8544,4.271457142877055,4,628
vg1-4,8552,5.222814285735068,5,629
vg1-5,8567,4.581400000031045,4,630
vg1-6,8579,4.537928571451049,4,631
vg1-7,8592,4.9384000000190795,4,632
vg1-8,8612,5.0322714285990555,5,633
vg1-9,8627,5.226042857165084,5,634
vg1-10,8650,5.117457142881095,5,635
vg1-11,8662,5.037385714309092,5,636
vg1-0,8675,5.182914285745087,5,637
vg1-1,8687,5.01185714288306,5,638
vg1-2,8699,4.524500000031034,4,639
vg1-3,8711,5.137857142877074,5,640
vg1-4,8723,4.7584142857350855,4,641
vg1-5,8735,4.695400000031062,4,642
vg1-6,8748,5.196728571451069,5,643
vg1-7,8760,4.0459428571630935,4,644
vg1-8,8771,5.205071428599073,5,645
vg1-9,8786,4.807328571451104,4,646
vg1-10,8801,4.525600000025112,4,647
vg1-11,8813,5.128157142881112,5,648
vg1-0,8824,4.753314285745105,4,649
vg1-1,8839,4.339257142883084,4,650
vg1-2,8849,5.159471428603055,5,651
vg1-3,8864,3.7590571428770936,3,652
vg1-4,8877,4.711014285735109,4,653
vg1-5,8889,3.803200000031083,3,654
vg1-6,8903,3.830014285737092,3,655
vg1-7,8918,4.2754857143071145,4,656
vg1-8,8929,3.7687571428850957,3,657
vg1-9,8946,4.077128571451125,4,658
vg1-10,8959,4.511800000025133,4,659
vg1-11,8971,4.351757142881135,4,660
vg1-0,8984,5.087085714317127,5,661
vg1-1,9001,3.689114285741106,3,662
vg1-2,9014,4.394471428603075,4,663
vg1-3,9026,4.463457142877118,4,664
vg1-4,9040,4.338414285735128,4,665
vg1-5,9053,5.0974000000311035,5,666
vg1-6,9064,5.089585714309111,5,667
vg1-7,9077,4.0426857143071375,4,668
vg1-8,9090,5.225557142885122,5,669
vg1-9,9102,5.001128571451146,5,670
vg1-10,9113,5.101000000025154,5,671
vg1-11,9124,4.847957142881159,4,672
vg1-0,9144,5.176400000033151,5,673
vg1-1,9155,5.21440000002713,5,674
vg1-2,9168,5.086871428603098,5,675
vg1-3,9179,4.90154285716314,4,676
vg1-4,9191,5.17061428573515,5,677
vg1-5,9203,5.003971428603119,5,678
vg1-6,9216,4.254985714309131,4,679
vg1-7,9228,4.110485714307157,4,680
vg1-8,9243,4.575842857171142,4,681
vg1-9,9253,4.142700000023165,4,682
vg1-10,9264,4.648600000025174,4,683
vg1-11,9280,4.90495714288118,4,684
vg1-0,9291,4.98945714289117,4,685
vg1-1,9304,4.761485714313149,4,686
vg1-2,9316,5.224271428603116,5,687
vg1-3,9332,4.865114285735159,4,688
vg1-4,9347,4.429185714307171,4,689
vg1-5,9361,4.05100000003314,4,690
vg1-6,9375,3.8944714285951507,3,691
vg1-7,9386,4.745885714307177,4,692
vg1-8,9398,4.598042857171162,4,693
vg1-9,9423,4.175185714311183,4,694
vg1-10,9435,4.334800000025192,4,695
vg1-11,9447,4.243928571453202,4,696
vg1-0,9460,4.802942857177191,4,697
vg1-1,9472,3.8578857143131637,3,698
vg1-2,9490,4.1577285714611385,4,699
vg1-3,9502,4.377314285735184,4,700
vg1-4,9513,5.214585714307195,5,701
vg1-5,9532,5.173171428607163,5,702
vg1-6,9546,5.153957142881172,5,703
vg1-7,9557,4.9753428571652005,4,704
vg1-8,9569,5.035528571457184,5,705
vg1-9,9582,5.1573857143112045,5,706
vg1-10,9595,4.726600000025213,4,707
vg1-11,9606,4.056728571453223,4,708
vg1-0,9623,4.481257142893211,4,709
vg1-1,9635,4.179828571457184,4,710
vg1-2,9648,4.919728571461162,4,711
vg1-3,9659,5.1160857143072045,5,712
vg1-4,9671,5.178842857165221,5,713
vg1-5,9683,4.698057142893183,4,714
vg1-6,9697,3.868757142881196,3,715
vg1-7,9709,4.639342857165226,4,716
vg1-8,9722,5.080614285743206,5,717
vg1-9,9733,5.0404714285972245,5,718
vg1-10,9746,5.013400000027232,5,719
vg1-11,9757,5.014928571453247,5,720
vg1-0,9770,5.104657142893235,5,721
vg1-1,9790,5.22905714288721,5,722
vg1-2,9801,4.745128571461185,4,723
vg1-3,9813,5.161685714307229,5,724
vg1-4,9825,5.096728571451241,5,725
vg1-5,9840,5.112742857179202,5,726
vg1-6,9852,5.197757142881218,5,727
vg1-7,9867,4.707228571451246,4,728
vg1-8,9882,5.206185714315224,5,729
vg1-9,9893,5.166042857169246,5,730
vg1-10,9904,4.017400000027254,4,731
vg1-11,9916,5.163728571453268,5,732
vg1-0,9931,5.056314285751255,5,733
vg1-1,9943,5.146342857173234,5,734
vg1-2,9954,5.124414285747209,5,735
vg1-3,9967,5.18311428573725,5,736
vg1-4,9980,4.886728571451256,4,737
vg1-5,9992,5.238828571465228,5,738
vg1-6,10003,4.317042857167241,4,739
vg1-7,10015,4.925628571451268,4,740
vg1-8,10042,5.157757142889246,5,741
vg1-9,10055,5.152842857169269,5,742
vg1-10,10066,4.861000000027276,4,743
vg1-11,10079,4.410214285739291,4,744
vg1-0,10090,4.106000000037275,4,745
vg1-1,10109,5.167857142889252,5,746
vg1-2,10133,4.277300000035231,4,747
vg1-3,10146,4.856885714309269,4,748
vg1-4,10158,4.6446714285952675,4,749
vg1-5,10170,5.051371428609247,5,750
vg1-6,10183,5.032242857167263,5,751
vg1-7,10193,5.03962857145129,5,752
vg1-8,10214,5.163414285749261,5,753
vg1-9,10228,5.036528571455282,5,754
vg1-10,10240,5.103400000027292,5,755
vg1-11,10254,5.103471428597304,5,756
vg1-0,10271,4.394085714323291,4,757
vg1-1,10283,5.0166571428892714,5,758
vg1-2,10297,5.074357142893247,5,759
vg1-3,10310,4.057685714309285,4,760
vg1-4,10322,4.805471428595284,4,761
vg1-5,10333,4.031971428609264,4,762
vg1-6,10345,3.86164285716728,3,763
vg1-7,10359,3.8696285714513046,3,764
vg1-8,10377,3.7156142857492753,3,765
vg1-9,10389,3.855728571455302,3,766
vg1-10,10406,3.944800000027315,3,767
vg1-11,10424,4.129671428597327,4,768
vg1-0,10439,4.161285714323311,4,769
vg1-1,10452,4.089228571461289,4,770
vg1-2,10464,4.436557142893269,4,771
vg1-3,10478,4.159257142881308,4,772
vg1-4,10494,3.9474714285953043,3,773
vg1-5,10512,4.133971428609281,4,774
vg1-6,10523,4.206728571453296,4,775
vg1-7,10535,5.175228571451323,5,776
vg1-8,10548,5.032700000035296,5,777
vg1-9,10562,5.160900000027319,5,778
vg1-10,10574,5.171714285743327,5,779
vg1-11,10585,5.0657571428833466,5,780
vg1-0,10599,5.157628571467334,5,781
vg1-1,10611,4.492085714319312,4,782
vg1-2,10622,4.401157142893292,4,783
vg1-3,10636,4.238628571453331,4,784
vg1-4,10649,3.760871428595327,3,785
vg1-5,10662,3.820771428609305,3,786
vg1-6,10675,3.73092857145332,3,787
vg1-7,10688,4.595028571451346,4,788
vg1-8,10697,5.065700000035321,5,789
vg1-9,10709,5.089671428599341,5,790
vg1-10,10726,4.069771428601347,4,791
vg1-11,10740,4.312242857169369,4,792
vg1-0,10751,4.450828571467358,4,793
vg1-1,10763,4.768428571463334,4,794
vg1-2,10775,4.46887142860931,4,795
vg1-3,10789,3.9596285714533472,3,796
vg1-4,10810,5.14772857145335,5,797
vg1-5,10822,5.21937142860933,5,798
vg1-6,10835,5.013300000025345,5,799
vg1-7,10847,4.478028571451369,4,800
vg1-8,10861,5.121585714321343,5,801
vg1-9,10869,4.683471428599363,4,802
vg1-10,10881,4.808971428601369,4,803
vg1-11,10894,5.155328571455391,5,804
vg1-0,10905,4.576828571467384,4,805
vg1-1,10918,4.743571428607355,4,806
vg1-2,10938,4.94132857146733,4,807
vg1-3,10951,5.011428571453369,5,808
vg1-4,10961,4.672014285739375,4,809
vg1-5,10975,4.303857142895356,4,810
vg1-6,10987,5.069185714311367,5,811
vg1-7,10999,4.581228571451391,4,812
vg1-8,11010,4.761585714321361,4,813
vg1-9,11025,4.519757142885384,4,814
vg1-10,11038,3.81245714288739,3,815
vg1-11,11052,4.147328571455413,4,816
vg1-0,11065,4.425028571467408,4,817
vg1-1,11077,3.978142857179376,3,818
vg1-2,11091,4.002071428611354,4,819
vg1-3,11106,3.7713142857393906,3,820
vg1-4,11119,4.091214285739397,4,821
vg1-5,11134,4.2927142857533775,4,822
vg1-6,11146,4.08321428574139,4,823
vg1-7,11158,4.394628571451414,4,824
vg1-8,11171,5.199585714321386,5,825
vg1-9,11183,5.177528571457407,5,826
vg1-10,11196,4.504942857173415,4,827
vg1-11,11215,5.104757142885435,5,828
vg1-0,11229,4.701028571467428,4,829
vg1-1,11241,5.098342857179398,5,830
vg1-2,11252,5.075985714327374,5,831
vg1-3,11265,5.0769142857394085,5,832
vg1-4,11282,4.7837000000254175,4,833
vg1-5,11295,5.1238857143253975,5,834
vg1-6,11309,5.076900000027408,5,835
vg1-7,11323,5.098428571451435,5,836
vg1-8,11334,5.128785714321404,5,837
vg1-9,11346,4.828928571457422,4,838
vg1-10,11365,5.196914285745434,5,839
vg1-11,11379,5.010642857171449,5,840
vg1-0,11390,4.491028571467441,4,841
vg1-1,11405,3.8827428571794167,3,842
vg1-2,11424,4.0098714286133905,4,843
vg1-3,11437,4.068314285739424,4,844
vg1-4,11450,4.388900000025434,4,845
vg1-5,11463,3.7342857143254156,3,846
vg1-6,11478,4.600500000027427,4,847
vg1-7,11491,4.413914285737453,4,848
vg1-8,11503,3.8779571428934227,3,849
vg1-9,11515,4.2260142857434415,4,850
vg1-10,11528,4.165514285745451,4,851
vg1-11,11541,4.3261285714574695,4,852
vg1-0,11560,4.083971428611464,4,853
vg1-1,11573,3.8353428571794357,3,854
vg1-2,11587,3.9966714286134093,3,855
vg1-3,11604,4.632571428597444,4,856
vg1-4,11616,5.081300000025455,5,857
vg1-5,11632,3.8479428571834364,3,858
vg1-6,11645,4.274700000027445,4,859
vg1-7,11658,3.880514285737471,3,860
vg1-8,11670,5.126214285751442,5,861
vg1-9,11682,5.139214285743459,5,862
vg1-10,11693,5.06671428574547,5,863
vg1-11,11708,4.114842857173493,4,864
vg1-0,11722,4.255142857183487,4,865
vg1-1,11731,4.192342857179461,4,866
vg1-2,11745,5.221442857185432,5,867
vg1-3,11756,4.631371428597465,4,868
vg1-4,11769,4.582700000025476,4,869
vg1-5,11783,4.135428571469458,4,870
vg1-6,11797,5.0019000000274705,5,871
vg1-7,11809,4.828000000023495,4,872
vg1-8,11820,4.905414285751467,4,873
vg1-9,11834,5.14941428574348,5,874
vg1-10,11845,4.358971428603487,4,875
vg1-11,11858,4.784614285745513,4,876
vg1-0,11871,5.098742857183508,5,877
vg1-1,11884,4.27214285717948,4,878
vg1-2,11897,4.837785714329452,4,879
vg1-3,11910,3.6923714285974842,3,880
vg1-4,11927,3.8987857143114963,3,881
vg1-5,11941,3.843657142899482,3,882
vg1-6,11955,3.808671428599494,3,883
vg1-7,11969,3.900400000025516,3,884
vg1-8,11982,3.8746142857514867,3,885
vg1-9,11996,3.7478142857434937,3,886
vg1-10,12010,3.848371428603505,3,887
vg1-11,12030,3.800614285745529,3,888
vg1-0,12045,3.9407428571835252,3,889
vg1-1,12060,4.155142857179496,4,890
vg1-2,12071,4.813785714329468,4,891
vg1-3,12084,4.536057142883503,4,892
vg1-4,12093,4.453185714311516,4,893
vg1-5,12111,4.085028571471501,4,894
vg1-6,12125,3.575442857171511,3,895
vg1-7,12138,4.905657142883531,4,896
vg1-8,12155,4.034814285753501,4,897
vg1-9,12168,4.63761428574351,4,898
vg1-10,12181,3.974371428603525,3,899
vg1-11,12195,3.729814285745549,3,900
vg1-0,12207,3.9270285714695468,3,901
vg1-1,12220,4.662314285751511,4,902
vg1-2,12234,4.5695857143294925,4,903
vg1-3,12246,4.129342857169524,4,904
vg1-4,12258,4.994985714311541,4,905
vg1-5,12270,4.419228571471525,4,906
vg1-6,12281,3.851442857173537,3,907
vg1-7,12295,3.9090571428835563,3,908
vg1-8,12315,3.9748142857535225,3,909
vg1-9,12324,3.9992142857435304,3,910
vg1-10,12338,4.423257142891545,4,911
vg1-11,12349,4.75821428574557,4,912
vg1-0,12362,4.897314285755564,4,913
vg1-1,12376,5.05360000003753,5,914
vg1-2,12390,5.15724285718751,5,915
vg1-3,12402,5.169142857169547,5,916
vg1-4,12415,4.34535714288356,4,917
vg1-5,12431,4.150685714329547,4,918
vg1-6,12444,4.24332857145956,4,919
vg1-7,12459,3.9767714285995783,3,920
vg1-8,12472,4.0535857143255445,4,921
vg1-9,12485,4.275385714315545,4,922
vg1-10,12497,3.762657142891568,3,923
vg1-11,12513,4.190014285745592,4,924
vg1-0,12527,3.9229142857555854,3,925
vg1-1,12540,4.231428571469551,4,926
vg1-2,12553,3.9759285714735277,3,927
vg1-3,12565,4.230828571455567,4,928
vg1-4,12577,4.517557142883582,4,929
vg1-5,12590,4.056485714329567,4,930
vg1-6,12601,4.41510000003158,4,931
vg1-7,12612,4.102942857171598,4,932
vg1-8,12626,3.9011000000415654,3,933
vg1-9,12642,3.869185714315565,3,934
vg1-10,12656,4.420857142891588,4,935
vg1-11,12669,4.14184285717561,4,936
vg1-0,12681,5.182485714327606,5,937
vg1-1,12699,5.167000000041573,5,938
vg1-2,12714,4.703814285759552,4,939
vg1-3,12733,4.8484857143155855,4,940
vg1-4,12744,4.493128571455602,4,941
vg1-5,12757,4.80708571432959,4,942
vg1-6,12769,5.107500000031601,5,943
vg1-7,12781,5.2237428571716205,5,944
vg1-8,12793,4.893928571471584,4,945
vg1-9,12805,3.7173857143155855,3,946
vg1-10,12819,3.9328857143216114,3,947
vg1-11,12835,4.185814285747631,4,948
vg1-0,12849,5.0180857143276265,5,949
vg1-1,12858,4.4254857143275945,4,950
vg1-2,12871,4.066100000045574,4,951
vg1-3,12884,4.164485714315611,4,952
vg1-4,12899,4.36387142859962,4,953
vg1-5,12918,4.250285714329608,4,954
vg1-6,12931,4.35295714288962,4,955
vg1-7,12943,4.1915714286016446,4,956
vg1-8,12956,4.3133000000436015,4,957
vg1-9,12967,4.374985714315606,4,958
vg1-10,12979,4.324685714321634,4,959
vg1-11,12992,4.056385714319654,4,960
vg1-0,13007,4.310171428613651,4,961
vg1-1,13019,4.365828571471618,4,962
vg1-2,13032,5.105900000045596,5,963
vg1-3,13041,4.672085714315634,4,964
vg1-4,13053,4.836671428599643,4,965
vg1-5,13073,4.537600000045631,4,966
vg1-6,13091,5.220900000033644,5,967
vg1-7,13109,4.755828571459662,4,968
vg1-8,13122,4.357957142901619,4,969
vg1-9,13133,5.021785714315625,5,970
vg1-10,13144,4.739971428607654,4,971
vg1-11,13159,4.946185714319676,4,972
vg1-0,13171,5.10920000004367,5,973
vg1-1,13182,4.526628571471638,4,974
vg1-2,13199,5.150557142903614,5,975
vg1-3,13210,5.1916857143156525,5,976
vg1-4,13223,4.905071428599661,4,977
vg1-5,13234,5.0920000000456485,5,978
vg1-6,13250,4.82687142860566,4,979
vg1-7,13263,5.20600000003168,5,980
vg1-8,13276,4.878157142901635,4,981
vg1-9,13293,5.090185714315643,5,982
vg1-10,13306,4.854571428607674,4,983
vg1-11,13320,5.003271428605692,5,984
vg1-0,13331,5.085200000043688,5,985
