id,tick,speed(float),speed(discrete),Tot v
vehG-0,108,5.175385714286005,5,1
vehG-1,121,5.159100000000008,5,2
vehG-2,133,5.036100000000007,5,3
vehG-3,144,4.815900000000006,4,4
vehG-0,236,5.156442857144004,5,5
vehG-1,259,3.785014285716006,3,6
vehG-2,271,4.131300000000005,4,7
vehG-3,281,4.110385714286005,4,8
vehG-0,296,4.92484285714401,4,9
vehG-1,378,4.807585714286006,4,10
vehG-2,396,5.220985714286008,5,11
vehG-3,409,5.104585714286007,5,12
vehG-0,423,4.585585714286006,4,13
vehG-1,438,5.050585714286013,5,14
vehG-2,508,5.110242857144004,5,15
vehG-3,519,5.163300000000006,5,16
vehG-0,549,4.679871428572004,4,17
vehG-1,560,5.036100000000006,5,18
vehG-2,577,5.085900000002009,5,19
vehG-3,691,5.219185714286005,5,20
vehG-0,705,5.027100000000005,5,21
vehG-1,716,4.4001000000000055,4,22
vehG-2,786,4.888500000000004,4,23
vehG-3,797,5.061900000000004,5,24
vehG-0,809,4.816500000000005,4,25
vehG-1,909,5.212157142858005,5,26
vehG-2,921,5.012700000000006,5,27
vehG-3,948,5.0106428571440045,5,28
vehG-0,1053,5.126785714286004,5,29
vehG-1,1068,4.436700000000005,4,30
vehG-2,1094,5.058600000000003,5,31
vehG-3,1184,5.189185714286005,5,32
vehG-0,1281,4.724185714286003,4,33
vehG-1,1367,5.036700000000005,5,34
vehG-2,1390,5.086285714286005,5,35
vehG-3,1403,5.216785714286004,5,36
vehG-0,1415,5.1171857142860055,5,37
vehG-1,1481,5.074800000000003,5,38
vehG-2,1508,4.826100000000004,4,39
vehG-3,1524,4.997185714286009,4,40
vehG-0,1603,5.022471428572004,5,41
vehG-1,1633,5.191328571430004,5,42
vehG-2,1714,4.619871428572004,4,43
vehG-3,1757,4.547957142858006,4,44
vehG-0,1845,5.131500000000004,5,45
vehG-1,1856,4.175700000000005,4,46
vehG-2,1953,4.935685714286005,4,47
vehG-3,1981,5.0339571428580046,5,48
vehG-0,2074,5.207785714286004,5,49
vehG-1,2182,5.061985714286005,5,50
vehG-2,2220,5.193985714286004,5,51
vehG-3,2234,5.003785714286007,5,52
vehG-0,2307,4.504071428572004,4,53
vehG-1,2322,3.9969857142860064,3,54
vehG-2,2335,4.124100000000007,4,55
vehG-3,2348,5.0955000000000075,5,56
vehG-0,2429,5.086928571430004,5,57
vehG-1,2445,5.176585714286006,5,58
vehG-2,2462,5.013385714286006,5,59
vehG-3,2483,5.105100000002007,5,60
vehG-0,2495,4.611985714288012,4,61
vehG-1,2579,5.186871428572003,5,62
vehG-2,2686,5.1429000000000045,5,63
vehG-3,2701,5.093785714286006,5,64
vehG-0,2713,5.176500000000006,5,65
vehG-1,2750,5.091900000002005,5,66
vehG-2,2767,5.000185714288013,5,67
vehG-3,2780,4.650042857144016,4,68
vehG-0,2850,5.212500000000006,5,69
vehG-1,2861,4.994700000000003,4,70
vehG-2,2874,5.073300000000005,5,71
vehG-3,2952,5.013385714286004,5,72
vehG-0,2966,4.001700000000005,4,73
vehG-1,3014,5.004042857144004,5,74
vehG-2,3085,4.890557142858003,4,75
vehG-3,3097,5.1285000000000025,5,76
vehG-0,3145,5.225785714288007,5,77
vehG-1,3156,5.160642857144005,5,78
vehG-2,3168,4.890985714288011,4,79
vehG-3,3245,5.124557142858002,5,80
vehG-0,3258,5.241985714286004,5,81
vehG-1,3282,5.155800000000006,5,82
vehG-2,3294,5.228700000000008,5,83
vehG-3,3306,5.2055571428580105,5,84
vehG-0,3410,5.005285714286003,5,85
vehG-1,3514,5.0991000000000035,5,86
vehG-2,3645,4.984457142858005,4,87
vehG-3,3695,5.080714285716008,5,88
vehG-0,3760,5.174871428572006,5,89
vehG-1,3811,4.912800000000004,4,90
vehG-2,3922,5.110585714286007,5,91
vehG-3,3953,5.022557142858005,5,92
vehG-0,4039,4.837328571430003,4,93
vehG-1,4051,5.188500000000004,5,94
vehG-2,4073,5.042100000002004,5,95
vehG-3,4150,4.939500000000002,4,96
vehG-0,4201,4.725985714286006,4,97
vehG-1,4288,5.131157142858005,5,98
vehG-2,4314,5.083885714286006,5,99
vehG-3,4398,4.7170714285720035,4,100
vehG-0,4410,5.073300000000005,5,101
vehG-1,4434,5.198700000000006,5,102
vehG-2,4502,5.048100000000004,5,103
vehG-3,4563,5.072571428572004,5,104
vehG-0,4576,4.749300000000005,4,105
vehG-1,4662,5.010985714286005,5,106
