id,tick,speed(float),speed(discrete),Tot v
vehG-0,38,5.078185714286004,5,1
vehG-0,79,4.688700000002008,4,2
vehG-0,104,5.012700000002011,5,3
vehG-0,128,4.850700000002014,4,4
vehG-0,164,5.102442857146019,5,5
vehG-0,188,5.102442857146021,5,6
vehG-0,212,5.183442857146024,5,7
vehG-0,236,5.021442857146027,5,8
vehG-0,270,4.90727142857603,4,9
vehG-0,294,5.231271428576034,5,10
vehG-0,319,4.664271428576037,4,11
vehG-0,344,5.231271428576041,5,12
vehG-0,366,5.069271428576042,5,13
vehG-0,399,5.059414285720046,5,14
vehG-0,423,5.059414285720048,5,15
vehG-0,446,5.05941428572005,5,16
vehG-0,469,5.0594142857200515,5,17
vehG-0,493,5.221414285720054,5,18
vehG-0,526,4.67695714286406,4,19
vehG-0,549,5.000957142864062,5,20
vehG-0,572,5.000957142864063,5,21
vehG-0,596,4.595957142864066,4,22
vehG-0,628,5.139300000008071,5,23
vehG-0,652,4.8963000000080745,4,24
vehG-0,675,5.220300000008076,5,25
vehG-0,719,4.8924000000100785,4,26
vehG-0,742,5.21640000001008,5,27
vehG-0,767,4.568400000010084,4,28
vehG-0,792,4.973400000010089,4,29
vehG-0,816,5.135400000010091,5,30
