id,tick,speed(float),speed(discrete),Tot v
vg1-0,120,5.17940000000001,5,1
vg1-1,139,4.851385714286016,4,2
vg1-2,152,4.804000000000016,4,3
vg1-3,166,4.619700000000017,4,4
vg1-4,177,5.036700000000019,5,5
vg1-5,190,5.012200000000015,5,6
vg1-6,206,5.2215000000000185,5,7
vg1-7,218,4.688200000000017,4,8
vg1-8,229,5.150971428572014,5,9
vg1-0,242,5.063600000000024,5,10
vg1-1,258,5.175385714286028,5,11
vg1-2,273,5.139400000000029,5,12
vg1-3,285,5.024700000000029,5,13
vg1-4,301,5.1291000000000375,5,14
vg1-5,312,4.653400000000032,4,15
vg1-6,324,4.73550000000003,4,16
vg1-7,342,5.012200000000035,5,17
vg1-8,353,5.231971428572033,5,18
vg1-0,366,4.473285714286041,4,19
vg1-1,378,5.059585714286042,5,20
vg1-2,393,5.220400000000042,5,21
vg1-3,409,4.677300000000044,4,22
vg1-4,421,5.094300000000051,5,23
vg1-5,433,4.653400000000048,4,24
vg1-6,445,5.140500000000046,5,25
vg1-7,463,5.174200000000051,5,26
vg1-8,475,5.035171428572049,5,27
vg1-0,487,4.565685714286053,4,28
vg1-1,500,5.221585714286057,5,29
vg1-2,514,4.410400000000058,4,30
vg1-3,527,5.1633000000000555,5,31
vg1-4,547,5.232900000000069,5,32
vg1-5,559,4.722400000000066,4,33
vg1-6,574,4.862185714286064,4,34
vg1-7,587,4.907800000000067,4,35
vg1-8,602,5.242942857144066,5,36
vg1-0,616,5.178371428572072,5,37
vg1-1,628,5.058985714286074,5,38
vg1-2,640,5.069800000000076,5,39
vg1-3,657,5.069785714286072,5,40
vg1-4,673,5.0475000000000865,5,41
vg1-5,689,4.768171428572086,4,42
vg1-6,706,4.792157142858084,4,43
vg1-7,719,4.965400000000087,4,44
vg1-8,730,5.080342857144084,5,45
vg1-0,741,5.06257142857209,5,46
vg1-1,753,5.00078571428609,5,47
vg1-2,766,5.150800000000097,5,48
vg1-3,777,5.150785714286087,5,49
vg1-4,792,5.047500000000101,5,50
vg1-5,807,5.1731714285720996,5,51
vg1-6,824,5.116157142858096,5,52
vg1-7,841,5.0692000000001,5,53
vg1-8,855,5.091742857144102,5,54
vg1-0,869,5.212314285716105,5,55
vg1-1,884,5.0931857142861094,5,56
vg1-2,899,5.034485714286113,5,57
vg1-3,910,4.525585714286103,4,58
vg1-4,924,5.0703000000001195,5,59
vg1-5,936,5.242171428572119,5,60
vg1-6,949,4.606757142858112,4,61
vg1-7,960,4.745200000000112,4,62
vg1-8,983,4.998914285716123,4,63
vg1-0,1000,5.21111428571612,5,64
vg1-1,1013,4.815385714286133,4,65
vg1-2,1029,4.501685714286133,4,66
vg1-3,1040,5.150185714286126,5,67
vg1-4,1054,4.54898571428614,4,68
vg1-5,1066,4.767057142858141,4,69
vg1-6,1080,5.242842857144134,5,70
vg1-7,1091,5.219200000000132,5,71
vg1-8,1103,5.16091428571614,5,72
vg1-0,1121,5.2111142857161346,5,73
vg1-1,1138,5.104585714286154,5,74
vg1-2,1151,5.2072857142861455,5,75
vg1-3,1163,5.115385714286141,5,76
vg1-4,1173,4.872985714286154,4,77
vg1-5,1188,4.616457142858155,4,78
vg1-6,1201,5.208042857144149,5,79
vg1-7,1217,5.022400000000152,5,80
vg1-8,1235,5.009457142860156,5,81
vg1-0,1251,5.141000000002153,5,82
vg1-1,1264,5.046385714286171,5,83
vg1-2,1277,5.126285714286167,5,84
vg1-3,1287,5.010985714286158,5,85
vg1-4,1304,4.8838714285721725,4,86
vg1-5,1320,5.067057142858175,5,87
vg1-6,1332,5.149842857144165,5,88
vg1-7,1343,5.2420000000001705,5,89
vg1-8,1357,4.766457142860173,4,90
vg1-0,1370,4.736000000002166,4,91
vg1-1,1382,5.208385714286183,5,92
vg1-2,1396,4.964285714286181,4,93
vg1-3,1408,5.0919857142861735,5,94
vg1-4,1426,5.242157142858186,5,95
vg1-5,1440,4.743057142858191,4,96
vg1-6,1451,4.744842857144178,4,97
vg1-7,1469,5.114200000000188,5,98
vg1-8,1487,5.008600000004189,5,99
vg1-0,1500,5.036600000002184,5,100
vg1-1,1511,5.115385714286198,5,101
vg1-2,1524,5.114285714286198,5,102
vg1-3,1535,4.813671428572191,4,103
vg1-4,1546,5.161157142858203,5,104
vg1-5,1563,5.032257142858207,5,105
vg1-6,1581,5.033100000002195,5,106
vg1-7,1598,4.870600000000203,4,107
vg1-8,1611,5.054285714290201,5,108
vg1-0,1625,4.8974000000022,4,109
vg1-1,1639,4.709785714286216,4,110
vg1-2,1651,5.009457142858212,5,111
vg1-3,1665,5.218157142858207,5,112
vg1-4,1678,5.091042857144224,5,113
vg1-5,1690,4.7772571428582244,4,114
vg1-6,1702,5.19510000000221,5,115
vg1-7,1718,4.870600000000217,4,116
vg1-8,1730,5.216285714290215,5,117
vg1-0,1742,5.221400000002211,5,118
vg1-1,1763,5.091471428572232,5,119
vg1-2,1784,5.1244000000022325,5,120
vg1-3,1803,5.147100000002224,5,121
vg1-4,1826,3.4346142857182467,3,122
vg1-5,1842,4.440657142858243,4,123
vg1-6,1856,3.70170000000223,3,124
vg1-7,1871,3.8866000000002314,3,125
vg1-8,1883,4.741685714290233,4,126
vg1-0,1898,4.202600000002226,4,127
vg1-1,1911,4.026471428572245,4,128
vg1-2,1927,3.908200000002242,3,129
vg1-3,1937,3.943500000002243,3,130
vg1-4,1956,5.134585714290263,5,131
vg1-5,1970,5.053342857144261,5,132
vg1-6,1983,4.892785714288246,4,133
vg1-7,1997,4.777085714286248,4,134
vg1-8,2012,4.74117142857625,4,135
vg1-0,2025,5.105000000002246,5,136
vg1-1,2038,5.148128571430259,5,137
vg1-2,2054,4.6600000000022614,4,138
vg1-3,2069,4.833985714288262,4,139
vg1-4,2080,4.706185714290279,4,140
vg1-5,2093,4.8565428571442775,4,141
vg1-6,2106,4.661185714288263,4,142
vg1-7,2118,4.429685714286261,4,143
vg1-8,2132,5.146171428576265,5,144
vg1-0,2154,5.058371428574267,5,145
vg1-1,2165,5.008928571430278,5,146
vg1-2,2179,5.111200000002281,5,147
vg1-3,2193,5.030271428574276,5,148
vg1-4,2205,4.648071428576295,4,149
vg1-5,2218,4.138942857144296,4,150
vg1-6,2232,3.7701857142882806,3,151
vg1-7,2249,4.891771428572283,4,152
vg1-8,2261,4.7639714285762835,4,153
vg1-0,2274,5.1855714285742796,5,154
vg1-1,2288,4.4071285714302935,4,155
vg1-2,2303,5.156971428574292,5,156
vg1-3,2320,3.89575714286029,3,157
vg1-4,2335,4.334871428576312,4,158
vg1-5,2349,4.728314285716314,4,159
vg1-6,2360,5.169985714288301,5,160
vg1-7,2380,4.740742857144304,4,161
vg1-8,2391,4.902571428576303,4,162
vg1-0,2402,4.166771428574296,4,163
vg1-1,2418,4.487614285716313,4,164
vg1-2,2429,5.087371428574309,5,165
vg1-3,2442,4.693842857146303,4,166
vg1-4,2454,5.156271428576324,5,167
vg1-5,2467,4.404314285716326,4,168
vg1-6,2482,4.9498714285743155,4,169
vg1-7,2503,4.821742857144321,4,170
vg1-8,2514,5.226571428576323,5,171
vg1-0,2527,5.219771428574316,5,172
vg1-1,2539,5.216614285716328,5,173
vg1-2,2551,5.006371428574325,5,174
vg1-3,2565,5.040728571432318,5,175
vg1-4,2577,5.16767142857634,5,176
vg1-5,2589,5.063714285716342,5,177
vg1-6,2603,3.6767571428603274,3,178
vg1-7,2624,4.902742857144337,4,179
vg1-8,2637,5.203257142862338,5,180
vg1-0,2650,5.172971428574329,5,181
vg1-1,2662,5.21610000000234,5,182
vg1-2,2677,5.144971428574344,5,183
vg1-3,2688,4.8553285714323335,4,184
vg1-4,2704,5.10955714286236,5,185
vg1-5,2717,4.739114285716361,4,186
vg1-6,2734,4.6481571428603505,4,187
vg1-7,2748,5.1223428571443534,5,188
vg1-8,2758,5.168457142862353,5,189
vg1-0,2771,4.2819714285743435,4,190
vg1-1,2784,4.938300000002357,4,191
vg1-2,2797,5.2259714285743595,5,192
vg1-3,2810,4.369328571432351,4,193
vg1-4,2823,5.190557142862374,5,194
vg1-5,2839,5.063114285716378,5,195
vg1-6,2861,4.612842857146366,4,196
vg1-7,2875,5.006028571430371,5,197
vg1-8,2888,5.1794285714343715,5,198
vg1-0,2899,5.126171428574364,5,199
vg1-1,2911,5.088300000002374,5,200
vg1-2,2925,5.15637142857438,5,201
vg1-3,2939,4.334528571432373,4,202
vg1-4,2952,3.9287571428623935,3,203
vg1-5,2963,3.9291142857163974,3,204
vg1-6,2981,4.011042857146378,4,205
vg1-7,2996,4.601028571430386,4,206
vg1-8,3013,4.855428571434391,4,207
vg1-0,3025,4.442857142860379,4,208
vg1-1,3036,4.7061000000023885,4,209
vg1-2,3053,5.1558571428603965,5,210
vg1-3,3064,4.83192857143239,4,211
vg1-4,3076,4.402842857148409,4,212
vg1-5,3098,4.809828571432416,4,213
vg1-6,3109,5.063442857146394,5,214
vg1-7,3121,5.1675142857164005,5,215
vg1-8,3145,5.226914285722405,5,216
vg1-0,3158,4.894057142860393,4,217
vg1-1,3170,5.214985714288403,5,218
vg1-2,3195,5.214485714290416,5,219
vg1-3,3208,4.76172857143241,4,220
vg1-4,3220,5.2118142857204255,5,221
vg1-5,3232,5.0642285714324355,5,222
vg1-6,3244,4.322442857146417,4,223
vg1-7,3265,3.7887142857184215,3,224
vg1-8,3278,4.520714285722421,4,225
vg1-0,3288,4.08362857143241,4,226
vg1-1,3300,3.849385714288424,3,227
vg1-2,3315,4.381171428576427,4,228
vg1-3,3330,4.564928571432424,4,229
vg1-4,3342,4.69101428572044,4,230
vg1-5,3357,4.786428571432454,4,231
vg1-6,3374,4.958442857146438,4,232
vg1-7,3388,5.165200000004435,5,233
vg1-8,3406,4.658885714294436,4,234
vg1-0,3416,4.117828571432424,4,235
vg1-1,3429,5.063871428574439,5,236
vg1-2,3441,5.237371428576444,5,237
vg1-3,3461,5.112642857148438,5,238
vg1-4,3475,5.084014285720459,5,239
vg1-5,3486,5.133228571432471,5,240
vg1-6,3499,4.576328571432455,4,241
vg1-7,3511,5.23420000000445,5,242
vg1-8,3526,4.90188571429445,4,243
vg1-0,3546,5.14700000000444,5,244
vg1-1,3563,5.097557142860459,5,245
vg1-2,3575,4.71545714286246,4,246
vg1-3,3589,5.031214285720456,5,247
vg1-4,3605,4.7595000000064775,4,248
vg1-5,3619,5.167428571432493,5,249
vg1-6,3631,5.119328571432474,5,250
vg1-7,3655,5.21662857143447,5,251
vg1-8,3675,5.097400000010464,5,252
vg1-0,3687,5.007800000004453,5,253
vg1-1,3698,5.143157142860474,5,254
vg1-2,3716,4.679714285720477,4,255
vg1-3,3730,5.157900000006473,5,256
vg1-4,3742,5.105785714292488,5,257
vg1-5,3754,5.097228571432504,5,258
vg1-6,3772,4.88678571429049,4,259
vg1-7,3783,5.031228571434485,5,260
vg1-8,3798,5.004400000010476,5,261
vg1-0,3813,4.660400000004472,4,262
vg1-1,3827,5.235557142860498,5,263
vg1-2,3839,4.5987142857204955,4,264
vg1-3,3851,5.134500000006487,5,265
vg1-4,3869,5.0035285714365045,5,266
vg1-5,3880,5.073828571432522,5,267
vg1-6,3893,4.886785714290506,4,268
vg1-7,3907,5.088828571434502,5,269
vg1-8,3920,5.143085714296491,5,270
vg1-0,3931,4.741400000004484,4,271
vg1-1,3943,5.2355571428605066,5,272
vg1-2,3963,5.0151142857205135,5,273
vg1-3,3977,4.810500000006507,4,274
vg1-4,3991,5.09592857143652,5,275
vg1-5,4018,4.702428571434543,4,276
vg1-6,4045,4.794128571436523,4,277
vg1-7,4057,5.227000000006518,5,278
vg1-8,4068,4.934285714296509,4,279
vg1-0,4079,5.226800000004504,5,280
vg1-1,4094,5.003357142860528,5,281
vg1-2,4105,4.690514285720536,4,282
vg1-3,4118,4.890385714292524,4,283
vg1-4,4131,4.898528571436537,4,284
vg1-5,4143,5.003028571434561,5,285
vg1-6,4164,5.002328571436535,5,286
vg1-7,4178,5.1574000000065325,5,287
vg1-8,4188,5.188685714296522,5,288
vg1-0,4205,5.22628571429052,5,289
vg1-1,4217,4.979957142860544,4,290
vg1-2,4229,5.025914285720555,5,291
vg1-3,4241,5.0985857142925415,5,292
vg1-4,4253,5.0605285714365555,5,293
vg1-5,4265,5.084028571434578,5,294
vg1-6,4287,5.002328571436551,5,295
vg1-7,4298,4.682800000006547,4,296
vg1-8,4310,5.026685714296539,5,297
vg1-0,4326,5.064285714290535,5,298
vg1-1,4340,5.118557142860561,5,299
vg1-2,4354,4.794314285720573,4,300
vg1-3,4365,5.237185714292559,5,301
vg1-4,4377,3.891385714294568,3,302
vg1-5,4395,5.0856571428645925,5,303
vg1-6,4410,5.036700000008564,5,304
vg1-7,4423,4.6822857142925605,4,305
vg1-8,4438,4.841371428582562,4,306
vg1-0,4449,5.226285714290554,5,307
vg1-1,4460,5.1995571428605745,5,308
vg1-2,4472,5.199314285720585,5,309
vg1-3,4488,5.156185714292575,5,310
vg1-4,4499,5.233585714294584,5,311
vg1-5,4512,5.166657142864603,5,312
vg1-6,4526,4.793700000008573,4,313
vg1-7,4541,5.168285714292572,5,314
vg1-8,4562,5.084371428582582,5,315
vg1-0,4572,5.145285714290572,5,316
vg1-1,4585,4.609157142860592,4,317
vg1-2,4596,5.199314285720605,5,318
vg1-3,4609,4.913185714292591,4,319
vg1-4,4621,5.048271428580598,5,320
vg1-5,4637,5.015542857150616,5,321
vg1-6,4661,4.35270000001059,4,322
vg1-7,4672,4.438771428578589,4,323
vg1-8,4688,4.759857142868599,4,324
vg1-0,4699,5.144771428576588,5,325
vg1-1,4710,5.083157142860609,5,326
vg1-2,4724,5.164000000006623,5,327
vg1-3,4736,5.051785714292607,5,328
vg1-4,4748,5.059671428580614,5,329
vg1-5,4760,5.015542857150634,5,330
vg1-6,4782,5.000700000010606,5,331
vg1-7,4801,5.086257142864609,5,332
vg1-8,4813,5.199057142868613,5,333
vg1-0,4829,5.155657142862605,5,334
vg1-1,4840,5.013128571432629,5,335
vg1-2,4853,5.047600000006638,5,336
vg1-3,4870,4.541442857150625,4,337
vg1-4,4882,5.11667142858063,5,338
vg1-5,4896,4.737142857150653,4,339
vg1-6,4908,5.0349000000106185,5,340
vg1-7,4919,5.086257142864621,5,341
vg1-8,4947,5.047514285726632,5,342
vg1-0,4963,5.212742857148627,5,343
vg1-1,4975,5.174014285718644,5,344
vg1-2,4992,5.161771428580655,5,345
vg1-3,5005,5.166042857150641,5,346
vg1-4,5017,5.046471428580643,5,347
vg1-5,5028,5.083942857150674,5,348
vg1-6,5039,5.150100000010637,5,349
vg1-7,5053,5.073828571436642,5,350
vg1-8,5064,5.047514285726643,5,351
vg1-0,5083,4.69194285714864,4,352
vg1-1,5094,5.093014285718657,5,353
vg1-2,5107,5.080771428580663,5,354
vg1-3,5124,4.518042857150654,4,355
vg1-4,5140,5.0116714285806605,5,356
vg1-5,5152,5.083942857150692,5,357
vg1-6,5164,5.138185714296653,5,358
vg1-7,5177,4.22902857143666,4,359
vg1-8,5191,5.070400000012662,5,360
vg1-0,5203,5.177942857148655,5,361
vg1-1,5222,5.242757142862672,5,362
vg1-2,5235,5.242171428580679,5,363
vg1-3,5248,5.177442857150672,5,364
vg1-4,5259,4.571871428580671,4,365
vg1-5,5271,5.095342857150704,5,366
vg1-6,5284,5.138185714296667,5,367
vg1-7,5308,5.026428571438673,5,368
vg1-8,5320,5.081800000012677,5,369
vg1-0,5334,5.026828571434671,5,370
vg1-1,5348,4.409357142862691,4,371
vg1-2,5368,5.218342857152701,5,372
vg1-3,5381,5.130642857150693,5,373
vg1-4,5392,5.092071428580694,5,374
vg1-5,5409,4.723857142866724,4,375
vg1-6,5427,5.044757142868688,5,376
vg1-7,5438,5.130228571438692,5,377
vg1-8,5453,5.023085714298696,5,378
vg1-0,5463,5.072514285720689,5,379
vg1-1,5477,3.900042857148713,3,380
vg1-2,5493,5.009542857152717,5,381
vg1-3,5506,4.945242857150709,4,382
vg1-4,5524,4.327414285724709,4,383
vg1-5,5534,4.6428571428667444,4,384
vg1-6,5553,5.102357142868708,5,385
vg1-7,5570,4.759171428582707,4,386
vg1-8,5587,5.056771428584713,5,387
vg1-0,5599,5.187714285720706,5,388
vg1-1,5612,4.83672857143473,4,389
vg1-2,5624,5.089942857152733,5,390
vg1-3,5639,4.5507857142947215,4,391
vg1-4,5657,5.011414285726725,5,392
vg1-5,5670,4.931457142866762,4,393
vg1-6,5683,4.326557142868727,4,394
vg1-7,5695,4.330771428582724,4,395
vg1-8,5709,4.8366571428707275,4,396
vg1-0,5722,4.909914285720723,4,397
vg1-1,5734,5.160728571434749,5,398
vg1-2,5753,4.522428571438752,4,399
vg1-3,5765,5.140585714294739,5,400
vg1-4,5776,5.1734142857267384,5,401
vg1-5,5788,5.174457142866775,5,402
vg1-6,5813,5.07835714286875,5,403
vg1-7,5825,5.116857142868744,5,404
vg1-8,5842,4.754800000014745,4,405
vg1-0,5854,5.04791428572074,5,406
vg1-1,5870,5.079128571434768,5,407
vg1-2,5886,4.5213142857247695,4,408
vg1-3,5903,4.910185714296759,4,409
vg1-4,5914,4.698214285726757,4,410
vg1-5,5927,5.208057142866794,5,411
vg1-6,5938,5.031557142868768,5,412
vg1-7,5950,5.209257142868761,5,413
vg1-8,5962,4.754800000014761,4,414
vg1-0,5985,4.8158000000067585,4,415
vg1-1,5997,5.217728571434787,5,416
vg1-2,6008,5.088314285724786,5,417
vg1-3,6024,4.910185714296775,4,418
vg1-4,6039,4.767214285726773,4,419
vg1-5,6052,5.184657142866811,5,420
vg1-6,6064,5.008157142868786,5,421
vg1-7,6077,5.151142857154779,5,422
vg1-8,6090,4.407400000014778,4,423
vg1-0,6106,5.220800000006776,5,424
vg1-1,6118,5.229128571434802,5,425
vg1-2,6130,4.683314285724802,4,426
vg1-3,6146,4.794385714296791,4,427
vg1-4,6160,4.581900000012785,4,428
vg1-5,6172,5.1846571428668256,5,429
vg1-6,6185,5.170157142868803,5,430
vg1-7,6196,4.989142857154793,4,431
vg1-8,6211,5.055400000014794,5,432
vg1-0,6224,5.220800000006786,5,433
vg1-1,6235,5.067128571434812,5,434
vg1-2,6249,5.007314285724816,5,435
vg1-3,6264,5.0373857142968035,5,436
vg1-4,6285,5.067471428584799,5,437
vg1-5,6298,4.802457142866843,4,438
vg1-6,6311,5.030957142868821,5,439
vg1-7,6324,5.000542857154814,5,440
vg1-8,6340,5.019828571444808,5,441
vg1-0,6354,5.127800000006806,5,442
vg1-1,6366,4.731128571434832,4,443
vg1-2,6378,4.4631142857248385,4,444
vg1-3,6394,4.4928428571548205,4,445
vg1-4,6406,5.1484714285848145,5,446
vg1-5,6418,5.207457142866857,5,447
vg1-6,6432,5.088557142868833,5,448
vg1-7,6446,5.208742857154828,5,449
vg1-8,6467,4.626228571444829,4,450
vg1-0,6479,4.0166000000068225,4,451
vg1-1,6491,5.0665285714348505,5,452
vg1-2,6502,5.076314285724857,5,453
vg1-3,6516,5.1751285714408315,5,454
vg1-4,6527,5.1484714285848305,5,455
vg1-5,6542,5.207457142866876,5,456
vg1-6,6554,5.215757142868847,5,457
vg1-7,6568,5.220142857154842,5,458
vg1-8,6588,4.545228571444845,4,459
vg1-0,6601,4.4678000000068385,4,460
vg1-1,6617,5.008414285720869,5,461
vg1-2,6644,5.1093142857268745,5,462
vg1-3,6656,4.549328571440849,4,463
vg1-4,6670,5.101071428584849,5,464
vg1-5,6682,5.160657142866893,5,465
vg1-6,6695,4.939500000012867,4,466
vg1-7,6707,4.918342857154861,4,467
vg1-8,6723,5.088228571444868,5,468
vg1-0,6733,4.3748000000068625,4,469
vg1-1,6748,5.204185714292886,5,470
vg1-2,6764,5.028314285726889,5,471
vg1-3,6780,5.197328571440869,5,472
vg1-4,6796,5.135442857156867,5,473
vg1-5,6807,5.1488285714389095,5,474
vg1-6,6821,5.066700000012887,5,475
vg1-7,6835,5.02214285715488,5,476
vg1-8,6847,5.192028571444883,5,477
vg1-0,6864,5.079971428578883,5,478
vg1-1,6880,4.775271428578904,4,479
vg1-2,6891,5.166914285726901,5,480
vg1-3,6902,5.162528571440884,5,481
vg1-4,6918,4.730442857156883,4,482
vg1-5,6930,4.836228571438928,4,483
vg1-6,6941,5.228700000012902,5,484
vg1-7,6953,5.103142857154892,5,485
vg1-8,6968,5.1572285714449,5,486
vg1-0,6981,4.836971428578895,4,487
vg1-1,6997,5.145471428578913,5,488
vg1-2,7010,5.132114285726913,5,489
vg1-3,7022,5.1277285714408976,5,490
vg1-4,7041,5.216442857156902,5,491
vg1-5,7053,4.361628571438947,4,492
vg1-6,7069,5.23975714287092,5,493
vg1-7,7081,4.361542857154906,4,494
vg1-8,7097,5.18002857144492,5,495
vg1-0,7117,5.240428571438908,5,496
vg1-1,7131,5.017757142864922,5,497
vg1-2,7149,5.1082000000129275,5,498
vg1-3,7169,5.212157142870912,5,499
vg1-4,7183,5.215842857156921,5,500
vg1-5,7195,4.8232000000109645,4,501
vg1-6,7207,4.706957142870938,4,502
vg1-7,7219,4.002142857154925,4,503
vg1-8,7232,5.086428571444943,5,504
vg1-0,7245,4.927228571438924,4,505
vg1-1,7258,5.213957142864939,5,506
vg1-2,7270,5.189200000012943,5,507
vg1-3,7287,5.212157142870923,5,508
vg1-4,7301,5.0538428571569325,5,509
vg1-5,7318,5.147200000010982,5,510
vg1-6,7332,5.169557142870957,5,511
vg1-7,7343,5.020342857154943,5,512
vg1-8,7357,5.120800000016959,5,513
vg1-0,7370,5.077228571438939,5,514
vg1-1,7385,5.178642857150955,5,515
vg1-2,7398,4.448200000012959,4,516
vg1-3,7418,5.028471428586937,5,517
vg1-4,7435,4.671214285728945,4,518
vg1-5,7448,4.441000000011,4,519
vg1-6,7459,5.041757142870973,5,520
vg1-7,7472,3.7585428571549606,3,521
vg1-8,7485,4.426000000016978,4,522
vg1-0,7497,4.371114285724955,4,523
vg1-1,7507,4.206642857150971,4,524
vg1-2,7523,4.829885714298977,4,525
vg1-3,7540,5.028471428586955,5,526
vg1-4,7551,5.076214285728955,5,527
vg1-5,7571,5.089000000011017,5,528
vg1-6,7583,5.0298428571569875,5,529
vg1-7,7597,5.14694285715498,5,530
vg1-8,7609,5.131600000016994,5,531
vg1-0,7621,5.157285714296968,5,532
vg1-1,7639,5.085642857150988,5,533
vg1-2,7652,5.003285714298997,5,534
vg1-3,7664,5.120871428586973,5,535
vg1-4,7685,4.080128571444974,4,536
vg1-5,7697,4.186000000011032,4,537
vg1-6,7708,4.566642857157002,4,538
vg1-7,7718,4.3369428571549955,4,539
vg1-8,7731,4.48360000001701,4,540
vg1-0,7745,4.532171428582985,4,541
vg1-1,7756,5.085642857150999,5,542
vg1-2,7781,5.060371428585014,5,543
vg1-3,7791,4.090671428586993,4,544
vg1-4,7804,5.052128571444986,5,545
vg1-5,7825,5.227000000011054,5,546
vg1-6,7838,5.005842857157023,5,547
vg1-7,7850,5.215942857155019,5,548
vg1-8,7861,4.494485714303026,4,549
vg1-0,7873,5.005828571440999,5,550
vg1-1,7889,4.84204285715102,4,551
vg1-2,7901,5.141371428585029,5,552
vg1-3,7912,5.0626714285870085,5,553
vg1-4,7928,5.075014285731002,5,554
vg1-5,7944,4.984000000011068,4,555
vg1-6,7957,5.086842857157035,5,556
vg1-7,7974,5.1692285714410335,5,557
vg1-8,7985,5.072885714303043,5,558
vg1-0,7997,5.028628571441014,5,559
vg1-1,8010,4.367442857151033,4,560
vg1-2,8026,5.222371428585048,5,561
vg1-3,8038,5.177957142873025,5,562
vg1-4,8052,4.889614285731018,4,563
vg1-5,8065,4.671400000011081,4,564
vg1-6,8076,5.086842857157049,5,565
vg1-7,8094,5.007228571441049,5,566
vg1-8,8105,5.153885714303058,5,567
vg1-0,8119,5.109628571441031,5,568
vg1-1,8130,4.876328571437045,4,569
vg1-2,8143,5.060371428585058,5,570
vg1-3,8159,4.738157142873039,4,571
vg1-4,8176,4.658014285731034,4,572
vg1-5,8188,4.5556000000111005,4,573
vg1-6,8200,4.600842857157068,4,574
vg1-7,8213,4.845228571441062,4,575
vg1-8,8229,5.1190857143030755,5,576
vg1-0,8242,5.132428571441045,5,577
vg1-1,8263,5.083757142867064,5,578
vg1-2,8274,4.724371428585073,4,579
vg1-3,8289,5.1773571428730545,5,580
vg1-4,8307,5.039100000017052,5,581
vg1-5,8325,4.762685714297117,4,582
vg1-6,8343,4.9124142857290884,4,583
vg1-7,8355,4.323228571441081,4,584
vg1-8,8364,5.026085714303094,5,585
vg1-0,8376,4.8426285714410655,4,586
vg1-1,8388,4.852157142867083,4,587
vg1-2,8401,4.156942857157089,4,588
vg1-3,8414,4.100957142873071,4,589
vg1-4,8429,4.726500000017067,4,590
vg1-5,8446,4.924685714297132,4,591
vg1-6,8463,4.831414285729103,4,592
vg1-7,8476,5.052228571441097,5,593
vg1-8,8495,5.025057142875109,5,594
vg1-0,8507,4.737885714299079,4,595
vg1-1,8519,4.828757142867096,4,596
vg1-2,8533,4.758142857157106,4,597
vg1-3,8545,5.222957142873087,5,598
vg1-4,8557,5.07270000001708,5,599
vg1-5,8581,4.692057142869151,4,600
vg1-6,8592,4.854214285729125,4,601
vg1-7,8613,4.842657142871118,4,602
vg1-8,8628,5.151742857161123,5,603
vg1-0,8639,5.015085714299092,5,604
vg1-1,8651,5.0483571428671095,5,605
vg1-2,8666,4.815742857157127,4,606
vg1-3,8679,5.036957142873109,5,607
vg1-4,8691,4.7943000000171025,4,608
vg1-5,8702,5.062257142869166,5,609
vg1-6,8713,5.108614285729138,5,610
vg1-7,8732,4.854057142871128,4,611
vg1-8,8749,4.827742857161139,4,612
vg1-0,8763,4.853085714299111,4,613
vg1-1,8776,5.024957142867128,5,614
vg1-2,8788,5.058742857157143,5,615
vg1-3,8803,5.0831571428731275,5,616
vg1-4,8817,4.759500000017123,4,617
vg1-5,8833,4.795857142869188,4,618
vg1-6,8846,5.142471428587158,5,619
vg1-7,8858,5.1084571428711465,5,620
vg1-8,8872,5.093542857161154,5,621
vg1-0,8891,5.130028571443124,5,622
vg1-1,8905,4.862357142867143,4,623
vg1-2,8916,5.16254285715716,5,624
vg1-3,8927,5.140757142873143,5,625
vg1-4,8938,4.840500000017139,4,626
vg1-5,8950,5.200857142869198,5,627
vg1-6,8967,5.142471428587174,5,628
vg1-7,8979,5.027457142871161,5,629
vg1-8,8992,5.174542857161169,5,630
vg1-0,9019,4.5392857143011405,4,631
vg1-1,9035,5.104757142867161,5,632
vg1-2,9046,4.3519428571571765,4,633
vg1-3,9063,4.942928571445165,4,634
vg1-4,9076,4.677900000017162,4,635
vg1-5,9089,4.0776571428692225,4,636
vg1-6,9100,3.9964714285871956,3,637
vg1-7,9114,3.7999428571571823,3,638
vg1-8,9130,3.7041142857331844,3,639
vg1-0,9152,5.116914285731158,5,640
vg1-1,9167,4.780242857153184,4,641
vg1-2,9188,4.766628571445195,4,642
vg1-3,9200,4.120928571445183,4,643
vg1-4,9210,4.608300000017179,4,644
vg1-5,9225,5.21020000001324,5,645
vg1-6,9236,4.079014285731212,4,646
vg1-7,9253,3.9031428571571998,3,647
vg1-8,9266,3.876914285733201,3,648
vg1-0,9278,4.722885714303174,4,649
vg1-1,9290,4.132242857153202,4,650
vg1-2,9313,4.708514285731212,4,651
vg1-3,9325,5.058128571445201,5,652
vg1-4,9338,5.209585714303197,5,653
vg1-5,9350,5.105800000013256,5,654
vg1-6,9365,5.0734714285892295,5,655
vg1-7,9379,4.886028571443215,4,656
vg1-8,9390,4.860314285733216,4,657
vg1-0,9404,5.11588571430319,5,658
vg1-1,9415,4.722042857153217,4,659
vg1-2,9433,4.3845142857312265,4,660
vg1-3,9448,5.196814285731217,5,661
vg1-4,9459,5.128585714303213,5,662
vg1-5,9472,5.105800000013274,5,663
vg1-6,9486,5.154471428589245,5,664
vg1-7,9498,5.094228571443227,5,665
vg1-8,9511,4.7559142857332315,4,666
vg1-0,9525,5.127285714303204,5,667
vg1-1,9536,5.138442857153231,5,668
vg1-2,9550,5.113514285731238,5,669
vg1-3,9570,4.44441428573123,4,670
vg1-4,9582,4.977985714303229,4,671
vg1-5,9604,5.000971428585295,5,672
vg1-6,9616,5.130471428589265,5,673
vg1-7,9628,4.851228571443252,4,674
vg1-8,9639,5.067914285733251,5,675
vg1-0,9651,4.72168571430322,4,676
vg1-1,9664,5.068328571439247,5,677
vg1-2,9678,5.113000000017257,5,678
vg1-3,9692,4.9304142857312465,4,679
vg1-4,9708,5.185757142875246,5,680
vg1-5,9722,5.0009714285853075,5,681
vg1-6,9734,4.7254714285892785,4,682
vg1-7,9748,5.013228571443267,5,683
vg1-8,9762,5.22991428573327,5,684
vg1-0,9772,5.0108857143032335,5,685
vg1-1,9784,5.068328571439261,5,686
vg1-2,9796,5.113000000017269,5,687
vg1-3,9815,4.606414285731264,4,688
vg1-4,9827,5.150957142875257,5,689
vg1-5,9839,5.162971428585319,5,690
vg1-6,9863,5.095242857161296,5,691
vg1-7,9883,4.850200000015289,4,692
vg1-8,9894,4.488914285733289,4,693
vg1-0,9906,4.257885714303254,4,694
vg1-1,9918,5.17152857143928,5,695
vg1-2,9931,5.170085714303293,5,696
vg1-3,9944,5.0456142857312845,5,697
vg1-4,9956,5.080928571447276,5,698
vg1-5,9967,5.116171428585336,5,699
vg1-6,9985,5.199128571447308,5,700
vg1-7,10012,4.791657142873306,4,701
vg1-8,10029,5.055400000019309,5,702
vg1-0,10041,5.229285714303271,5,703
vg1-1,10054,4.962728571439298,4,704
vg1-2,10065,5.076485714303308,5,705
vg1-3,10077,5.0684142857313,5,706
vg1-4,10089,5.06832857144729,5,707
vg1-5,10101,5.20797142858535,5,708
vg1-6,10114,5.210014285733327,5,709
vg1-7,10132,5.034657142873322,5,710
vg1-8,10148,5.136400000019322,5,711
vg1-0,10160,4.338285714303283,4,712
vg1-1,10172,5.04372857143931,5,713
vg1-2,10184,4.185485714303322,4,714
vg1-3,10197,4.663414285731315,4,715
vg1-4,10215,4.744328571447311,4,716
vg1-5,10227,5.242257142871366,5,717
vg1-6,10242,5.058900000019344,5,718
vg1-7,10254,5.080857142873339,5,719
vg1-8,10267,5.136400000019335,5,720
vg1-0,10287,5.159685714303303,5,721
vg1-1,10302,5.031300000011326,5,722
vg1-2,10314,5.075885714303339,5,723
vg1-3,10327,5.12541428573133,5,724
vg1-4,10344,5.021185714305326,5,725
vg1-5,10356,5.218857142871382,5,726
vg1-6,10370,5.1741857143053585,5,727
vg1-7,10384,4.675342857159355,4,728
vg1-8,10395,5.2288000000193495,5,729
vg1-0,10406,5.078685714303318,5,730
vg1-1,10421,5.158500000011339,5,731
vg1-2,10434,5.075885714303353,5,732
vg1-3,10450,5.0444142857313485,5,733
vg1-4,10466,5.044071428591338,5,734
vg1-5,10480,4.8018571428713965,4,735
vg1-6,10496,5.197071428591376,5,736
vg1-7,10508,5.10322857144537,5,737
vg1-8,10522,5.193657142877368,5,738
vg1-0,10534,5.066685714303335,5,739
vg1-1,10549,5.192871428583358,5,740
vg1-2,10561,5.213971428589368,5,741
vg1-3,10574,5.217385714303362,5,742
vg1-4,10585,5.125071428591352,5,743
vg1-5,10600,5.125857142871411,5,744
vg1-6,10614,4.95407142859139,4,745
vg1-7,10628,5.103228571445384,5,746
vg1-8,10646,4.927257142877383,4,747
vg1-0,10661,4.776885714303352,4,748
vg1-1,10677,4.729157142869374,4,749
vg1-2,10691,5.0742571428753855,5,750
vg1-3,10702,5.054785714303378,5,751
vg1-4,10714,5.06687142859137,5,752
vg1-5,10727,5.171457142871426,5,753
vg1-6,10739,5.138871428591404,5,754
vg1-7,10751,4.2698285714454,4,755
vg1-8,10766,5.170257142877399,5,756
vg1-0,10783,4.695885714303368,4,757
vg1-1,10797,5.238042857155386,5,758
vg1-2,10811,5.074257142875398,5,759
vg1-3,10825,5.054785714303396,5,760
vg1-4,10836,5.066871428591388,5,761
vg1-5,10853,5.170942857157441,5,762
vg1-6,10868,5.115471428591426,5,763
vg1-7,10880,5.183714285731423,5,764
vg1-8,10893,5.134942857163415,5,765
vg1-0,10904,4.14028571430338,4,766
vg1-1,10916,4.833042857155399,4,767
vg1-2,10930,5.07425714287541,5,768
vg1-3,10947,5.216785714303413,5,769
vg1-4,10959,5.1592714285914045,5,770
vg1-5,10971,5.089942857157452,5,771
vg1-6,10998,5.17247142859344,5,772
vg1-7,11012,5.079314285731441,5,773
vg1-8,11027,5.1458285714494325,5,774
vg1-0,11041,5.076542857161399,5,775
vg1-1,11052,5.005928571441419,5,776
vg1-2,11066,5.061657142875433,5,777
vg1-3,11077,4.776471428589433,4,778
vg1-4,11093,5.065928571449427,5,779
vg1-5,11105,5.239942857157475,5,780
vg1-6,11117,4.686471428593453,4,781
vg1-7,11128,4.917314285731453,4,782
vg1-8,11141,5.14582857144944,5,783
vg1-0,11157,5.076542857161409,5,784
vg1-1,11173,4.8205285714414305,4,785
vg1-2,11187,5.107857142875446,5,786
vg1-3,11200,5.06567142858945,5,787
vg1-4,11213,5.239328571449438,5,788
vg1-5,11230,5.216542857157492,5,789
vg1-6,11243,5.0680714285934725,5,790
vg1-7,11257,5.089771428589466,5,791
vg1-8,11272,5.1338285714494605,5,792
vg1-0,11283,5.2265428571614265,5,793
vg1-1,11300,5.0745000000134475,5,794
vg1-2,11311,5.211657142875461,5,795
vg1-3,11324,5.065671428589468,5,796
vg1-4,11335,5.007728571449456,5,797
vg1-5,11350,5.135542857157507,5,798
vg1-6,11362,5.068071428593487,5,799
vg1-7,11380,5.054971428589483,5,800
vg1-8,11392,5.052828571449475,5,801
vg1-0,11404,5.145542857161441,5,802
vg1-1,11421,5.0745000000134635,5,803
vg1-2,11432,4.563657142875477,4,804
vg1-3,11447,5.065671428589486,5,805
vg1-4,11460,4.810928571449474,4,806
vg1-5,11472,5.2279428571575215,5,807
vg1-6,11483,4.663071428593503,4,808
vg1-7,11500,5.054971428589497,5,809
vg1-8,11515,5.180028571449491,5,810
vg1-0,11531,5.121714285733455,5,811
vg1-1,11546,5.09738571429948,5,812
vg1-2,11561,5.211142857161494,5,813
vg1-3,11575,5.157471428589502,5,814
vg1-4,11587,4.879928571449491,4,815
vg1-5,11600,5.10022857144354,5,816
vg1-6,11610,5.07895714287952,5,817
vg1-7,11626,5.123971428589516,5,818
vg1-8,11638,4.011228571449508,4,819
vg1-0,11656,5.063171428591468,5,820
vg1-1,11674,4.8309857142995,4,821
vg1-2,11693,5.108457142877511,5,822
vg1-3,11706,4.844442857161518,4,823
vg1-4,11717,4.948500000021508,4,824
vg1-5,11730,5.157314285729558,5,825
vg1-6,11743,5.228442857165541,5,826
vg1-7,11756,5.077257142875536,5,827
vg1-8,11769,4.855171428593526,4,828
vg1-0,11780,4.739171428591487,4,829
vg1-1,11794,4.69187142858551,4,830
vg1-2,11811,5.108457142877524,5,831
vg1-3,11824,4.84444285716153,4,832
vg1-4,11841,5.110500000021527,5,833
vg1-5,11852,4.879514285729575,4,834
vg1-6,11864,5.1588428571655545,5,835
vg1-7,11879,5.169657142875551,5,836
vg1-8,11891,4.3691714285935435,4,837
vg1-0,11903,3.7323714285915033,3,838
vg1-1,11922,4.901785714301522,4,839
vg1-2,11938,5.154657142877544,5,840
vg1-3,11950,5.075442857161547,5,841
vg1-4,11962,5.121900000021539,5,842
vg1-5,11976,4.890914285729592,4,843
vg1-6,11990,5.135100000023569,5,844
vg1-7,12006,5.018714285733568,5,845
vg1-8,12022,5.0624285714515596,5,846
vg1-0,12035,5.108771428591521,5,847
vg1-1,12050,4.692642857159537,4,848
vg1-2,12062,5.004057142877557,5,849
vg1-3,12080,5.005414285733565,5,850
vg1-4,12091,5.190900000021556,5,851
vg1-5,12104,5.029514285729612,5,852
vg1-6,12119,5.018785714309588,5,853
vg1-7,12130,5.122514285733582,5,854
vg1-8,12144,5.224428571451576,5,855
vg1-0,12160,4.796171428591538,4,856
vg1-1,12175,5.039442857159554,5,857
vg1-2,12192,5.1652000000215725,5,858
vg1-3,12203,5.063014285733577,5,859
vg1-4,12216,5.202300000021574,5,860
vg1-5,12229,5.168114285729629,5,861
vg1-6,12243,4.289785714309606,4,862
vg1-7,12256,5.2149142857336,5,863
vg1-8,12267,4.715028571451592,4,864
vg1-0,12282,4.796171428591556,4,865
vg1-1,12294,5.2014428571595674,5,866
vg1-2,12314,4.713485714307584,4,867
vg1-3,12325,5.063014285733593,5,868
vg1-4,12337,5.1213000000215905,5,869
vg1-5,12351,4.728314285729644,4,870
vg1-6,12363,4.532785714309621,4,871
vg1-7,12377,4.890914285733616,4,872
vg1-8,12391,4.84222857145161,4,873
vg1-0,12402,5.039171428591571,5,874
vg1-1,12413,4.148442857159581,4,875
vg1-2,12435,5.071857142879595,5,876
vg1-3,12448,5.15541428573361,5,877
vg1-4,12472,4.703528571451608,4,878
vg1-5,12489,5.168714285731658,5,879
vg1-6,12500,5.157385714309639,5,880
vg1-7,12514,5.202914285733638,5,881
vg1-8,12525,4.957428571451629,4,882
vg1-0,12536,5.027171428591589,5,883
vg1-1,12549,4.772442857159596,4,884
vg1-2,12561,5.071257142879607,5,885
vg1-3,12575,4.76181428573363,4,886
vg1-4,12594,5.108528571451625,5,887
vg1-5,12606,5.168714285731669,5,888
vg1-6,12620,4.995385714309654,4,889
vg1-7,12634,4.682114285733653,4,890
vg1-8,12646,5.038428571451647,5,891
vg1-0,12663,5.014828571449602,5,892
vg1-1,12674,5.235042857159609,5,893
vg1-2,12690,5.0130571428796245,5,894
vg1-3,12703,5.015785714305646,5,895
vg1-4,12715,5.23572857145164,5,896
vg1-5,12739,5.156114285733684,5,897
vg1-6,12765,5.167585714311672,5,898
vg1-7,12776,4.958971428591669,4,899
vg1-8,12787,5.026428571451665,5,900
vg1-0,12798,5.014228571449619,5,901
vg1-1,12811,4.516585714303628,4,902
vg1-2,12824,5.162628571451643,5,903
vg1-3,12840,5.061042857163661,5,904
vg1-4,12858,5.06027142859566,5,905
vg1-5,12870,5.074514285733703,5,906
vg1-6,12882,5.086585714311683,5,907
vg1-7,12895,4.877971428591682,4,908
vg1-8,12907,4.6676285714516785,4,909
vg1-0,12923,4.863628571449636,4,910
vg1-1,12935,5.083585714303646,5,911
vg1-2,12948,4.977228571451659,4,912
vg1-3,12959,5.223042857163675,5,913
vg1-4,12982,4.08827142859568,4,914
vg1-5,12995,4.310714285733723,4,915
vg1-6,13006,4.6119857143117,4,916
vg1-7,13019,4.750171428591697,4,917
vg1-8,13032,4.447428571451694,4,918
vg1-0,13044,4.50482857144965,4,919
vg1-1,13062,4.122557142875662,4,920
vg1-2,13075,4.247628571451675,4,921
vg1-3,13090,4.608728571449692,4,922
vg1-4,13103,4.655271428595696,4,923
vg1-5,13114,5.120714285733736,5,924
vg1-6,13129,5.144185714311718,5,925
vg1-7,13142,5.085571428591714,5,926
vg1-8,13161,5.01357142859571,5,927
vg1-0,13175,5.083228571449666,5,928
vg1-1,13187,5.024528571447676,5,929
vg1-2,13202,5.115228571451692,5,930
vg1-3,13218,4.272814285735712,4,931
vg1-4,13231,4.678071428595716,4,932
vg1-5,13243,5.1669142857337595,5,933
vg1-6,13265,5.175300000027734,5,934
vg1-7,13278,5.015371428591733,5,935
vg1-8,13293,5.047771428595731,5,936
vg1-0,13317,4.771914285737687,4,937
vg1-1,13329,5.049471428591696,5,938
