id,tick,speed(float),speed(discrete),Tot v
vehG-0,245,1.2959999999999998,1,1
vehG-1,259,3.4232857142880033,3,2
vehG-2,272,3.6537000000060083,3,3
vehG-3,349,4.595000000000001,4,4
vehG-4,367,5.0,5,5
vehG-5,380,4.271000000000003,4,6
vehG-6,721,4.595000000000001,4,7
vehG-7,753,4.7570000000000014,4,8
vehG-8,768,5.0,5,9
vehG-9,853,5.0,5,10
vehG-10,991,5.0,5,11
vehG-11,1031,4.9190000000000005,4,12
vehG-12,1073,4.838000000000001,4,13
vehG-13,1092,5.0,5,14
vehG-14,1113,4.9190000000000005,4,15
vehG-15,1137,4.352,4,16
vehG-16,1152,4.0598142857180095,4,17
vehG-17,1226,5.0,5,18
vehG-0,1245,4.514000000000008,4,19
vehG-1,1262,5.0,5,20
vehG-2,1625,4.676,4,21
vehG-3,1794,4.676000000000002,4,22
vehG-4,2035,5.0,5,23
vehG-5,2052,4.838000000000001,4,24
vehG-6,2064,4.0280000000000005,4,25
vehG-7,2163,5.0,5,26
vehG-8,2186,4.863128571432011,4,27
vehG-9,2200,4.676,4,28
vehG-10,2279,4.271000000000001,4,29
vehG-11,2314,5.0,5,30
vehG-12,2330,4.838000000000001,4,31
vehG-13,2520,5.0,5,32
vehG-14,2538,5.0,5,33
